   0.0000000000000000        0.0000000000000000     
   1.0000000000000000E-002   1.8323344235782885E-005
   2.0000000000000000E-002   1.4634726203430898E-004
   2.9999999999999999E-002   4.9257763699238344E-004
   4.0000000000000001E-002   1.1631438654295251E-003
   5.0000000000000003E-002   2.2606427064924689E-003
   6.0000000000000005E-002   3.8830202601093378E-003
   7.0000000000000007E-002   6.1225041453813744E-003
   8.0000000000000002E-002   9.0645974149511088E-003
   8.9999999999999997E-002   1.2787145080341566E-002
   9.9999999999999992E-002   1.7359483346216814E-002
  0.10999999999999999        2.2841680766223810E-002
  0.11999999999999998        2.9283879548925973E-002
  0.12999999999999998        3.6725744169781305E-002
  0.13999999999999999        4.5196023295534155E-002
  0.14999999999999999        5.4712229812994617E-002
  0.16000000000000000        6.5280442487872375E-002
  0.17000000000000001        7.6895231474565506E-002
  0.18000000000000002        8.9539708568468490E-002
  0.19000000000000003       0.10318570175257680     
  0.20000000000000004       0.11779405225422562     
  0.21000000000000005       0.13331503100988973     
  0.22000000000000006       0.14968887015019822     
  0.23000000000000007       0.16684640387735064     
  0.24000000000000007       0.18470981192624167     
  0.25000000000000006       0.20319345769141989     
  0.26000000000000006       0.22220481207641790     
  0.27000000000000007       0.24164545319098563     
  0.28000000000000008       0.26141213119537521     
  0.29000000000000009       0.28139788687794620     
  0.30000000000000010       0.30149321196074147     
  0.31000000000000011       0.32158723866373679     
  0.32000000000000012       0.34156894572731700     
  0.33000000000000013       0.36132836789785050     
  0.34000000000000014       0.38075779582529462     
  0.35000000000000014       0.39975295340533534     
  0.36000000000000015       0.41821413982096811     
  0.37000000000000016       0.43604732389748152     
  0.38000000000000017       0.45316517887690611     
  0.39000000000000018       0.46948804633809815     
  0.40000000000000019       0.48494481873034601     
  0.41000000000000020       0.49947373084400554     
  0.42000000000000021       0.51302305150230965     
  0.43000000000000022       0.52555166781404994     
  0.44000000000000022       0.53702955546629805     
  0.45000000000000023       0.54743812974768291     
  0.46000000000000024       0.55677047326324791     
  0.47000000000000025       0.56503143761814667     
  0.48000000000000026       0.57223761769549109     
  0.49000000000000027       0.57841719851924778     
  0.50000000000000022       0.58360967606169534     
  0.51000000000000023       0.58786545471204155     
  0.52000000000000024       0.59124532545390918     
  0.53000000000000025       0.59381983009026840     
  0.54000000000000026       0.59566851809124688     
  0.55000000000000027       0.59687910380976883     
  0.56000000000000028       0.59754653289955451     
  0.57000000000000028       0.59777196776792241     
  0.58000000000000029       0.59766170279113817     
  0.59000000000000030       0.59732602080310659     
  0.60000000000000031       0.59687800303024163     
  0.61000000000000032       0.59643230517914458     
  0.62000000000000033       0.59610391278318930     
  0.63000000000000034       0.59600688917466871     
  0.64000000000000035       0.59625312956764176     
  0.65000000000000036       0.59695113471140615     
  0.66000000000000036       0.59820481740542064     
  0.67000000000000037       0.60011235485496794     
  0.68000000000000038       0.60276509939570433     
  0.69000000000000039       0.60624655952891915     
  0.70000000000000040       0.61063146249365008     
  0.71000000000000041       0.61598490876392209     
  0.72000000000000042       0.62236162790790894     
  0.73000000000000043       0.62980534419041834     
  0.74000000000000044       0.63834825915171800     
  0.75000000000000044       0.64801065716623674     
  0.76000000000000045       0.65880063868681971     
  0.77000000000000046       0.67071398452765985     
  0.78000000000000047       0.68373415314583563     
  0.79000000000000048       0.69783241146227248     
  0.80000000000000049       0.71296809833288166     
  0.81000000000000050       0.72908901835473294     
  0.82000000000000051       0.74613196228557299     
  0.83000000000000052       0.76402334898277591     
  0.84000000000000052       0.78267998244461823     
  0.85000000000000053       0.80200991627683482     
  0.86000000000000054       0.82191341672430573     
  0.87000000000000055       0.84228401431436406     
  0.88000000000000056       0.86300963316646162     
  0.89000000000000057       0.88397378614380073     
  0.90000000000000058       0.90505682326571257     
  0.91000000000000059       0.92613722017363587     
  0.92000000000000060       0.94709289295566002     
  0.93000000000000060       0.96780252529049471     
  0.94000000000000061       0.98814689367566699     
  0.95000000000000062        1.0080101764594533     
  0.96000000000000063        1.0272812325026290     
  0.97000000000000064        1.0458548355541382     
  0.98000000000000065        1.0636328508321253     
  0.99000000000000066        1.0805253408548805     
   1.0000000000000007        1.0964515882598127     
   1.0100000000000007        1.1113410241760164     
   1.0200000000000007        1.1251340516690731     
   1.0300000000000007        1.1377827548460171     
   1.0400000000000007        1.1492514853831290     
   1.0500000000000007        1.1595173195074082     
   1.0600000000000007        1.1685703798113527     
   1.0700000000000007        1.1764140176961004     
   1.0800000000000007        1.1830648537054649     
   1.0900000000000007        1.1885526745176791     
   1.1000000000000008        1.1929201868869885     
   1.1100000000000008        1.1962226303576802     
   1.1200000000000008        1.1985272520924581     
   1.1300000000000008        1.1999126486492906     
   1.1400000000000008        1.2004679809899228     
   1.1500000000000008        1.2002920703937678     
   1.1600000000000008        1.1994923842678025     
   1.1700000000000008        1.1981839220720980     
   1.1800000000000008        1.1964880127083084     
   1.1900000000000008        1.1945310357322969     
   1.2000000000000008        1.1924430796408509     
   1.2100000000000009        1.1903565512359708     
   1.2200000000000009        1.1884047506798330     
   1.2300000000000009        1.1867204273119745     
   1.2400000000000009        1.1854343316017855     
   1.2500000000000009        1.1846737787499613     
   1.2600000000000009        1.1845612394296725     
   1.2700000000000009        1.1852129729711676     
   1.2800000000000009        1.1867377179432712     
   1.2900000000000009        1.1892354545744559     
   1.3000000000000009        1.1927962527892615     
   1.3100000000000009        1.1974992188188129     
   1.3200000000000010        1.2034115523847089     
   1.3300000000000010        1.2105877253627999     
   1.3400000000000010        1.2190687916179035     
   1.3500000000000010        1.2288818363744287     
   1.3600000000000010        1.2400395720641910     
   1.3700000000000010        1.2525400860859146     
   1.3800000000000010        1.2663667443360775     
   1.3900000000000010        1.2814882527441056     
   1.4000000000000010        1.2978588773830189     
   1.4100000000000010        1.3154188220467229     
   1.4200000000000010        1.3340947605046987     
   1.4300000000000010        1.3538005189814075     
   1.4400000000000011        1.3744379027789115     
   1.4500000000000011        1.3958976593842107     
   1.4600000000000011        1.4180605688945467     
   1.4700000000000011        1.4407986511706581     
   1.4800000000000011        1.4639764778051823     
   1.4900000000000011        1.4874525757856192     
   1.5000000000000011        1.5110809086520292     
   1.5100000000000011        1.5347124200110613     
   1.5200000000000011        1.5581966234809062     
   1.5300000000000011        1.5813832225156919     
   1.5400000000000011        1.6041237431004092     
   1.5500000000000012        1.6262731620247430     
   1.5600000000000012        1.6476915133405461     
   1.5700000000000012        1.6682454556854684     
   1.5800000000000012        1.6878097834152486     
   1.5900000000000012        1.7062688649279387     
   1.6000000000000012        1.7235179921819050     
   1.6100000000000012        1.7394646262006677     
   1.6200000000000012        1.7540295243148623     
   1.6300000000000012        1.7671477360061192     
   1.6400000000000012        1.7787694554792524     
   1.6500000000000012        1.7888607204860112     
   1.6600000000000013        1.7974039484423472     
   1.6700000000000013        1.8043983025070878     
   1.6800000000000013        1.8098598820070784     
   1.6900000000000013        1.8138217333853568     
   1.7000000000000013        1.8163336796968486     
   1.7100000000000013        1.8174619685618134     
   1.7200000000000013        1.8172887403917060     
   1.7300000000000013        1.8159113206058002     
   1.7400000000000013        1.8134413414401267     
   1.7500000000000013        1.8100037007935645     
   1.7600000000000013        1.8057353673397907     
   1.7700000000000014        1.8007840428395070     
   1.7800000000000014        1.7953066941965743     
   1.7900000000000014        1.7894679692970012     
   1.8000000000000014        1.7834385120347769     
   1.8100000000000014        1.7773931931480962     
   1.8200000000000014        1.7715092745496628     
   1.8300000000000014        1.7659645257232226     
   1.8400000000000014        1.7609353114645216     
   1.8500000000000014        1.7565946707593982     
   1.8600000000000014        1.7531104069079360     
   1.8700000000000014        1.7506432091159589     
   1.8800000000000014        1.7493448256809168     
   1.8900000000000015        1.7493563085970441     
   1.9000000000000015        1.7508063488956958     
   1.9100000000000015        1.7538097213242327     
   1.9200000000000015        1.7584658560556794     
   1.9300000000000015        1.7648575540191527     
   1.9400000000000015        1.7730498611568914     
   1.9500000000000015        1.7830891154586654     
   1.9600000000000015        1.7950021790116779     
   1.9700000000000015        1.8087958655482148     
   1.9800000000000015        1.8244565720906156     
   1.9900000000000015        1.8419501213013896     
   2.0000000000000013        1.8612218190643171     
   2.0100000000000011        1.8821967296701883     
   2.0200000000000009        1.9047801687794317     
   2.0300000000000007        1.9288584121048014     
   2.0400000000000005        1.9542996155225374     
   2.0500000000000003        1.9809549401024986     
   2.0600000000000001        2.0086598733688370     
   2.0699999999999998        2.0372357359852473     
   2.0799999999999996        2.0664913610243234     
   2.0899999999999994        2.0962249310503402     
   2.0999999999999992        2.1262259564391819     
   2.1099999999999990        2.1562773766974672     
   2.1199999999999988        2.1861577650431818     
   2.1299999999999986        2.2156436151890508     
   2.1399999999999983        2.2445116881424099     
   2.1499999999999981        2.2725413959147538     
   2.1599999999999979        2.2995171983318308     
   2.1699999999999977        2.3252309886604015     
   2.1799999999999975        2.3494844435277118     
   2.1899999999999973        2.3720913126094532     
   2.1999999999999971        2.3928796238038275     
   2.2099999999999969        2.4116937800939637     
   2.2199999999999966        2.4283965250258968     
   2.2299999999999964        2.4428707546905004     
   2.2399999999999962        2.4550211552881178     
   2.2499999999999960        2.4647756467652480     
   2.2599999999999958        2.4720866146321168     
   2.2699999999999956        2.4769319138849015     
   2.2799999999999954        2.4793156309512563     
   2.2899999999999952        2.4792685917353636     
   2.2999999999999949        2.4768486061397486     
   2.3099999999999947        2.4721404418650899     
   2.3199999999999945        2.4652555228140574     
   2.3299999999999943        2.4563313500276416     
   2.3399999999999941        2.4455306457383621     
   2.3499999999999939        2.4330402238092930     
   2.3599999999999937        2.4190695925153833     
   2.3699999999999934        2.4038492982888116     
   2.3799999999999932        2.3876290216669229     
   2.3899999999999930        2.3706754392246427     
   2.3999999999999928        2.3532698677177533     
   2.4099999999999926        2.3357057089851176     
   2.4199999999999924        2.3182857163332509     
   2.4299999999999922        2.3013191051335866     
   2.4399999999999920        2.2851185321805563     
   2.4499999999999917        2.2699969699680893     
   2.4599999999999915        2.2562645034259781     
   2.4699999999999913        2.2442250778004516     
   2.4799999999999911        2.2341732272520343     
   2.4899999999999909        2.2263908143673219     
   2.4999999999999907        2.2211438111314092     
   2.5099999999999905        2.2186791519779585     
   2.5199999999999902        2.2192216893212966     
   2.5299999999999900        2.2229712814782454     
   2.5399999999999898        2.2301000421087789     
   2.5499999999999896        2.2407497792483198     
   2.5599999999999894        2.2550296506778356     
   2.5699999999999892        2.2730140607903619     
   2.5799999999999890        2.2947408222766215     
   2.5899999999999888        2.3202096038823483     
   2.5999999999999885        2.3493806832029320     
   2.6099999999999883        2.3821740209958637     
   2.6199999999999881        2.4184686708294394     
   2.6299999999999879        2.4581025350698353     
   2.6399999999999877        2.5008724752626867     
   2.6499999999999875        2.5465347819151578     
   2.6599999999999873        2.5948060055574027     
   2.6699999999999871        2.6453641477859287     
   2.6799999999999868        2.6978502077941973     
   2.6899999999999866        2.7518700767067470     
   2.6999999999999864        2.8069967688811408     
   2.7099999999999862        2.8627729762559402     
   2.7199999999999860        2.9187139288311901     
   2.7299999999999858        2.9743105414981841     
   2.7399999999999856        3.0290328247145473     
   2.7499999999999853        3.0823335339742681     
   2.7599999999999851        3.1336520306747579     
   2.7699999999999849        3.1824183248564299     
   2.7799999999999847        3.2280572684056730     
   2.7899999999999845        3.2699928656876827     
   2.7999999999999843        3.3076526672279343     
   2.8099999999999841        3.3404722110038305     
   2.8199999999999839        3.3678994751526470     
   2.8299999999999836        3.3893993054569345     
   2.8399999999999834        3.4044577808398651     
   2.8499999999999832        3.4125864802936916     
   2.8599999999999830        3.4133266151747268     
   2.8699999999999828        3.4062529916252369     
   2.8799999999999826        3.3909777690209477     
   2.8899999999999824        3.3671539817838845     
   2.8999999999999821        3.3344787936330293     
   2.9099999999999819        3.2926964553558018     
   2.9199999999999817        3.2416009394552967     
   2.9299999999999815        3.1810382275427740     
   2.9399999999999813        3.1109082290809806     
   2.9499999999999811        3.0311663130184225     
   2.9599999999999809        2.9418244369626430     
   2.9699999999999807        2.8429518617953993     
   2.9799999999999804        2.7346754430062306     
   2.9899999999999802        2.6171794934841848     
   2.9999999999999800        2.4907052160303262     
   3.0099999999999798        2.3555497074054590     
   3.0199999999999796        2.2120645392771889     
   3.0299999999999794        2.0606539249470446     
   3.0399999999999792        1.9017724841908970     
   3.0499999999999790        1.7359226219042305     
   3.0599999999999787        1.5636515394780803     
   3.0699999999999785        1.3855479009134490     
   3.0799999999999783        1.2022381785842657     
   3.0899999999999781        1.0143827062560413     
   3.0999999999999779       0.82267146943523106     
   3.1099999999999777       0.62781966534125988     
   3.1199999999999775       0.43056306673941946     
   3.1299999999999772       0.23165322553124731     
   3.1399999999999770        3.1852553354744885E-002
   3.1499999999999768      -0.16807068251206581     
   3.1599999999999766      -0.36734740893353640     
   3.1699999999999764      -0.56521280298704202     
   3.1799999999999762      -0.76091131487093888     
   3.1899999999999760      -0.95370161847977331     
   3.1999999999999758       -1.1428614510892878     
   3.2099999999999755       -1.3276923045325639     
   3.2199999999999753       -1.5075239315053992     
   3.2299999999999751       -1.6817186322024140     
   3.2399999999999749       -1.8496752883418091     
   3.2499999999999747       -2.0108331137692930     
   3.2599999999999745       -2.1646750932220686     
   3.2699999999999743       -2.3107310834601718     
   3.2799999999999740       -2.4485805538122229     
   3.2899999999999738       -2.5778549462101106     
   3.2999999999999736       -2.6982396379761000     
   3.3099999999999734       -2.8094754939476565     
   3.3199999999999732       -2.9113599979511853     
   3.3299999999999730       -3.0037479571352930     
   3.3399999999999728       -3.0865517762167940     
   3.3499999999999726       -3.1597413022470873     
   3.3599999999999723       -3.2233432440420708     
   3.3699999999999721       -3.2774401739042007     
   3.3799999999999719       -3.3221691226707755     
   3.3899999999999717       -3.3577197824182168     
   3.3999999999999715       -3.3843323343098644     
   3.4099999999999713       -3.4022949220673291     
   3.4199999999999711       -3.4119407943473781     
   3.4299999999999708       -3.4136451418938081     
   3.4399999999999706       -3.4078216576851563     
   3.4499999999999704       -3.3949188503947667     
   3.4599999999999702       -3.3754161433025938     
   3.4699999999999700       -3.3498197923334403     
   3.4799999999999698       -3.3186586581320561     
   3.4899999999999696       -3.2824798680124836     
   3.4999999999999694       -3.2418444042305166     
   3.5099999999999691       -3.1973226553208294     
   3.5199999999999689       -3.1494899672130647     
   3.5299999999999687       -3.0989222304966098     
   3.5399999999999685       -3.0461915395462773     
   3.5499999999999683       -2.9918619582590908     
   3.5599999999999681       -2.9364854258956234     
   3.5699999999999679       -2.8805978349816237     
   3.5799999999999677       -2.8247153114218184     
   3.5899999999999674       -2.7693307249263110     
   3.5999999999999672       -2.7149104555703043     
   3.6099999999999670       -2.6618914398224263     
   3.6199999999999668       -2.6106785167088216     
   3.6299999999999666       -2.5616420919552936     
   3.6399999999999664       -2.5151161349937063     
   3.6499999999999662       -2.4713965206599844     
   3.6599999999999659       -2.4307397242767399     
   3.6699999999999657       -2.3933618756333539     
   3.6799999999999655       -2.3594381741784343     
   3.6899999999999653       -2.3291026645535999     
   3.6999999999999651       -2.3024483684515675     
   3.7099999999999649       -2.2795277657039912     
   3.7199999999999647       -2.2603536145224252     
   3.7299999999999645       -2.2449000979554303     
   3.7399999999999642       -2.2331042809111676     
   3.7499999999999640       -2.2248678595508800     
   3.7599999999999638       -2.2200591825064606     
   3.7699999999999636       -2.2185155212341807     
   3.7799999999999634       -2.2200455649044422     
   3.7899999999999632       -2.2244321135592853     
   3.7999999999999630       -2.2314349418584825     
   3.8099999999999627       -2.2407938045917386     
   3.8199999999999625       -2.2522315542668809     
   3.8299999999999623       -2.2654573404970284     
   3.8399999999999621       -2.2801698606067009     
   3.8499999999999619       -2.2960606308571743     
   3.8599999999999617       -2.3128172479528875     
   3.8699999999999615       -2.3301266110279961     
   3.8799999999999613       -2.3476780751174573     
   3.8899999999999610       -2.3651665081803555     
   3.8999999999999608       -2.3822952250517839     
   3.9099999999999606       -2.3987787732390324     
   3.9199999999999604       -2.4143455472312345     
   3.9299999999999602       -2.4287402099405004     
   3.9399999999999600       -2.4417259020165947     
   3.9499999999999598       -2.4530862220547580     
   3.9599999999999596       -2.4626269631242463     
   3.9699999999999593       -2.4701775935597023     
   3.9799999999999591       -2.4755924725536564     
   3.9899999999999589       -2.4787517937410022     
   3.9999999999999587       -2.4795622526495862     
   4.0099999999999589       -2.4779574365793229     
   4.0199999999999587       -2.4738979381399737     
   4.0299999999999585       -2.4673711962999234     
   4.0399999999999583       -2.4583910713503290     
   4.0499999999999581       -2.4469971626476315     
   4.0599999999999579       -2.4332538803398651     
   4.0699999999999577       -2.4172492844876321     
   4.0799999999999574       -2.3990937070392864     
   4.0899999999999572       -2.3789181739939176     
   4.0999999999999570       -2.3568726467689971     
   4.1099999999999568       -2.3331241032679646     
   4.1199999999999566       -2.3078544804047869     
   4.1299999999999564       -2.2812585008773834     
   4.1399999999999562       -2.2535414077827411     
   4.1499999999999559       -2.2249166312279609     
   4.1599999999999557       -2.1956034114108101     
   4.1699999999999555       -2.1658244027200269     
   4.1799999999999553       -2.1358032832414464     
   4.1899999999999551       -2.1057623936554020     
   4.1999999999999549       -2.0759204288800994     
   4.2099999999999547       -2.0464902049635008     
   4.2199999999999545       -2.0176765226632640     
   4.2299999999999542       -1.9896741478934024     
   4.2399999999999540       -1.9626659277717045     
   4.2499999999999538       -1.9368210593900144     
   4.2599999999999536       -1.9122935266676584     
   4.2699999999999534       -1.8892207187555994     
   4.2799999999999532       -1.8677222414554207     
   4.2899999999999530       -1.8478989310237370     
   4.2999999999999527       -1.8298320775709154     
   4.3099999999999525       -1.8135828630550512     
   4.3199999999999523       -1.7991920166403144     
   4.3299999999999521       -1.7866796879554856     
   4.3399999999999519       -1.7760455365759258     
   4.3499999999999517       -1.7672690338820236     
   4.3599999999999515       -1.7603099713406491     
   4.3699999999999513       -1.7551091672334747     
   4.3799999999999510       -1.7515893619366552     
   4.3899999999999508       -1.7496562900583006     
   4.3999999999999506       -1.7491999160801646     
   4.4099999999999504       -1.7500958186432261     
   4.4199999999999502       -1.7522067072769938     
   4.4299999999999500       -1.7553840542110515     
   4.4399999999999498       -1.7594698229344610     
   4.4499999999999496       -1.7642982743921694     
   4.4599999999999493       -1.7696978311333360     
   4.4699999999999491       -1.7754929793582479     
   4.4799999999999489       -1.7815061886500123     
   4.4899999999999487       -1.7875598292239991     
   4.4999999999999485       -1.7934780667797803     
   4.5099999999999483       -1.7990887154923645     
   4.5199999999999481       -1.8042250303253757     
   4.5299999999999478       -1.8087274206803052     
   4.5399999999999476       -1.8124450684026956     
   4.5499999999999474       -1.8152374343363271     
   4.5599999999999472       -1.8169756389367531     
   4.5699999999999470       -1.8175437039110607     
   4.5799999999999468       -1.8168396434255629     
   4.5899999999999466       -1.8147763951000255     
   4.5999999999999464       -1.8112825827680001     
   4.6099999999999461       -1.8063031048092957     
   4.6199999999999459       -1.7997995437332566     
   4.6299999999999457       -1.7917503945907545     
   4.6399999999999455       -1.7821511116991677     
   4.6499999999999453       -1.7710139750583747     
   4.6599999999999451       -1.7583677796978419     
   4.6699999999999449       -1.7442573530063319     
   4.6799999999999446       -1.7287429068384503     
   4.6899999999999444       -1.7118992328491049     
   4.6999999999999442       -1.6938147510614103     
   4.7099999999999440       -1.6745904231107607     
   4.7199999999999438       -1.6543385429138580     
   4.7299999999999436       -1.6331814186740343     
   4.7399999999999434       -1.6112499611425217     
   4.7499999999999432       -1.5886821939002609     
   4.7599999999999429       -1.5656217020990233     
   4.7699999999999427       -1.5422160365984929     
   4.7799999999999425       -1.5186150907536795     
   4.7899999999999423       -1.4949694672429530     
   4.7999999999999421       -1.4714288522808854     
   4.8099999999999419       -1.4481404143341128     
   4.8199999999999417       -1.4252472440560173     
   4.8299999999999415       -1.4028868515828914     
   4.8399999999999412       -1.3811897365976562     
   4.8499999999999410       -1.3602780456757140     
   4.8599999999999408       -1.3402643303918493     
   4.8699999999999406       -1.3212504184988587     
   4.8799999999999404       -1.3033264092008565     
   4.8899999999999402       -1.2865698021514056     
   4.8999999999999400       -1.2710447683236019     
   4.9099999999999397       -1.2568015693423544     
   4.9199999999999395       -1.2438761302550188     
   4.9299999999999393       -1.2322897690621284     
   4.9399999999999391       -1.2220490846530994     
   4.9499999999999389       -1.2131460031097796     
   4.9599999999999387       -1.2055579806711763     
   4.9699999999999385       -1.1992483600130293     
   4.9799999999999383       -1.1941668749027390     
   4.9899999999999380       -1.1902502967599555     
   4.9999999999999378       -1.1874232152015003     
   5.0099999999999376       -1.1855989432905065     
   5.0199999999999374       -1.1846805369576661     
   5.0299999999999372       -1.1845619169294259     
   5.0399999999999370       -1.1851290804948971     
   5.0499999999999368       -1.1862613895800560     
   5.0599999999999365       -1.1878329208822533     
   5.0699999999999363       -1.1897138632570237     
   5.0799999999999361       -1.1917719471474582     
   5.0899999999999359       -1.1938738906071213     
   5.0999999999999357       -1.1958868463923615     
   5.1099999999999355       -1.1976798346885325     
   5.1199999999999353       -1.1991251462852592     
   5.1299999999999351       -1.2000997014249211     
   5.1399999999999348       -1.2004863501106784     
   5.1499999999999346       -1.2001751003689562     
   5.1599999999999344       -1.1990642618080121     
   5.1699999999999342       -1.1970614927894045     
   5.1799999999999340       -1.1940847406219213     
   5.1899999999999338       -1.1900630653856454     
   5.1999999999999336       -1.1849373392843190     
   5.2099999999999334       -1.1786608147927622     
   5.2199999999999331       -1.1711995562982480     
   5.2299999999999329       -1.1625327314148932     
   5.2399999999999327       -1.1526527596625351     
   5.2499999999999325       -1.1415653177302658     
   5.2599999999999323       -1.1292892020734648     
   5.2699999999999321       -1.1158560511058719     
   5.2799999999999319       -1.1013099307291809     
   5.2899999999999316       -1.0857067883761817     
   5.2999999999999314       -1.0691137821150865     
   5.3099999999999312       -1.0516084926579834     
   5.3199999999999310       -1.0332780273221611     
   5.3299999999999308       -1.0142180260972156     
   5.3399999999999306      -0.99453158096199501     
   5.3499999999999304      -0.97432808046384545     
   5.3599999999999302      -0.95372199230967025     
   5.3699999999999299      -0.93283159731676879     
   5.3799999999999297      -0.91177768852566854     
   5.3899999999999295      -0.89068224958305087     
   5.3999999999999293      -0.86966712665778401     
   5.4099999999999291      -0.84885270815619696     
   5.4199999999999289      -0.82835662635436724     
   5.4299999999999287      -0.80829249476789389     
   5.4399999999999284      -0.78876869463703736     
   5.4499999999999282      -0.76988722332237314     
   5.4599999999999280      -0.75174261669013420     
   5.4699999999999278      -0.73442095672525265     
   5.4799999999999276      -0.71799897465307194     
   5.4899999999999274      -0.70254325878850354     
   5.4999999999999272      -0.68810957517547322     
   5.5099999999999270      -0.67474230784262590     
   5.5199999999999267      -0.66247402419669832     
   5.5299999999999265      -0.65132516971677390     
   5.5399999999999263      -0.64130389471540672     
   5.5499999999999261      -0.63240601451123368     
   5.5599999999999259      -0.62461510292731193     
   5.5699999999999257      -0.61790271760516902     
   5.5799999999999255      -0.61222875422150480     
   5.5899999999999253      -0.60754192532742946     
   5.5999999999999250      -0.60378035821331222     
   5.6099999999999248      -0.60087230494964983     
   5.6199999999999246      -0.59873695657879911     
   5.6299999999999244      -0.59728535234617375     
   5.6399999999999242      -0.59642137387383487     
   5.6499999999999240      -0.59604281330430475     
   5.6599999999999238      -0.59604250368704226     
   5.6699999999999235      -0.59630949925179422     
   5.6799999999999233      -0.59673029271822486     
   5.6899999999999231      -0.59719005643489997     
   5.6999999999999229      -0.59757389392598048     
   5.7099999999999227      -0.59776808835288386     
   5.7199999999999225      -0.59766133447101089     
   5.7299999999999223      -0.59714594087713957     
   5.7399999999999221      -0.59611898969881494     
   5.7499999999999218      -0.59448344136865705     
   5.7599999999999216      -0.59214917274836432     
   5.7699999999999214      -0.58903393761263045     
   5.7799999999999212      -0.58506423936373742     
   5.7899999999999210      -0.58017610681393550     
   5.7999999999999208      -0.57431576493435688     
   5.8099999999999206      -0.56744019361453879     
   5.8199999999999203      -0.55951756869351643     
   5.8299999999999201      -0.55052758079858455     
   5.8399999999999199      -0.54046162884758475     
   5.8499999999999197      -0.52932288642100356     
   5.8599999999999195      -0.51712624057667100     
   5.8699999999999193      -0.50389810404799029     
   5.8799999999999191      -0.48967610312181525     
   5.8899999999999189      -0.47450864481998761     
   5.8999999999999186      -0.45845436829511765     
   5.9099999999999184      -0.44158148658282098     
   5.9199999999999182      -0.42396702601628022     
   5.9299999999999180      -0.40569597169256366     
   5.9399999999999178      -0.38686032837214535     
   5.9499999999999176      -0.36755810708315939     
   5.9599999999999174      -0.34789224848081640     
   5.9699999999999172      -0.32796949467199893     
   5.9799999999999169      -0.30789922174856899     
   5.9899999999999167      -0.28779224567478967     
   5.9999999999999165      -0.26775961444051632     
   6.0099999999999163      -0.24791139951972962     
   6.0199999999999161      -0.22835549966249652     
   6.0299999999999159      -0.20919646989776114     
   6.0399999999999157      -0.19053438833636022     
   6.0499999999999154      -0.17246377294152374     
   6.0599999999999152      -0.15507255988253479     
   6.0699999999999150      -0.13844115441218557     
   6.0799999999999148      -0.12264156441753357     
   6.0899999999999146      -0.10773662589473199     
   6.0999999999999144       -9.3779328602111023E-002
   6.1099999999999142       -8.0812249061879504E-002
   6.1199999999999140       -6.8867096921423426E-002
   6.1299999999999137       -5.7964379462645904E-002
   6.1399999999999135       -4.8113187775116972E-002
   6.1499999999999133       -3.9311106799628515E-002
   6.1599999999999131       -3.1544250117014977E-002
   6.1699999999999129       -2.4787419016980144E-002
   6.1799999999999127       -1.9004384047467293E-002
   6.1899999999999125       -1.4148285931001175E-002
   6.1999999999999122       -1.0162151454374768E-002
   6.2099999999999120       -6.9795187057091479E-003
   6.2199999999999118       -4.5251648613161416E-003
   6.2299999999999116       -2.7159286264222954E-003
   6.2399999999999114       -1.4616184203340016E-003
   6.2499999999999112       -6.6599647875262291E-004
   6.2599999999999110       -2.2782823348707626E-004
   6.2699999999999108       -4.1985631337750767E-005
   6.2799999999999105       -5.9247684372834564E-007
