   0.0000000000000000        0.0000000000000000     
   1.0000000000000000E-002   1.0000000000000000E-002
   2.0000000000000000E-002   2.0000000000000000E-002
   2.9999999999999999E-002   2.9999999999999999E-002
   4.0000000000000001E-002   4.0000000000000001E-002
   5.0000000000000003E-002   5.0000000000000003E-002
   6.0000000000000005E-002   6.0000000000000005E-002
   7.0000000000000007E-002   7.0000000000000007E-002
   8.0000000000000002E-002   8.0000000000000002E-002
   8.9999999999999997E-002   8.9999999999999997E-002
   9.9999999999999992E-002   9.9999999999999992E-002
  0.10999999999999999       0.10999999999999999     
  0.11999999999999998       0.11999999999999998     
  0.12999999999999998       0.12999999999999998     
  0.13999999999999999       0.13999999999999999     
  0.14999999999999999       0.14999999999999999     
  0.16000000000000000       0.16000000000000000     
  0.17000000000000001       0.17000000000000001     
  0.18000000000000002       0.18000000000000002     
  0.19000000000000003       0.19000000000000003     
  0.20000000000000004       0.20000000000000004     
  0.21000000000000005       0.21000000000000005     
  0.22000000000000006       0.22000000000000006     
  0.23000000000000007       0.23000000000000007     
  0.24000000000000007       0.24000000000000007     
  0.25000000000000006       0.25000000000000006     
  0.26000000000000006       0.26000000000000006     
  0.27000000000000007       0.27000000000000007     
  0.28000000000000008       0.28000000000000008     
  0.29000000000000009       0.29000000000000009     
  0.30000000000000010       0.30000000000000010     
  0.31000000000000011       0.31000000000000011     
  0.32000000000000012       0.32000000000000012     
  0.33000000000000013       0.33000000000000013     
  0.34000000000000014       0.34000000000000014     
  0.35000000000000014       0.35000000000000014     
  0.36000000000000015       0.36000000000000015     
  0.37000000000000016       0.37000000000000016     
  0.38000000000000017       0.38000000000000017     
  0.39000000000000018       0.39000000000000018     
  0.40000000000000019       0.40000000000000019     
  0.41000000000000020       0.41000000000000020     
  0.42000000000000021       0.42000000000000021     
  0.43000000000000022       0.43000000000000022     
  0.44000000000000022       0.44000000000000022     
  0.45000000000000023       0.45000000000000023     
  0.46000000000000024       0.46000000000000024     
  0.47000000000000025       0.47000000000000025     
  0.48000000000000026       0.48000000000000026     
  0.49000000000000027       0.49000000000000027     
  0.50000000000000022       0.50000000000000022     
  0.51000000000000023       0.51000000000000023     
  0.52000000000000024       0.52000000000000024     
  0.53000000000000025       0.53000000000000025     
  0.54000000000000026       0.54000000000000026     
  0.55000000000000027       0.55000000000000027     
  0.56000000000000028       0.56000000000000028     
  0.57000000000000028       0.57000000000000028     
  0.58000000000000029       0.58000000000000029     
  0.59000000000000030       0.59000000000000030     
  0.60000000000000031       0.60000000000000031     
  0.61000000000000032       0.61000000000000032     
  0.62000000000000033       0.62000000000000033     
  0.63000000000000034       0.63000000000000034     
  0.64000000000000035       0.64000000000000035     
  0.65000000000000036       0.65000000000000036     
  0.66000000000000036       0.66000000000000036     
  0.67000000000000037       0.67000000000000037     
  0.68000000000000038       0.68000000000000038     
  0.69000000000000039       0.69000000000000039     
  0.70000000000000040       0.70000000000000040     
  0.71000000000000041       0.71000000000000041     
  0.72000000000000042       0.72000000000000042     
  0.73000000000000043       0.73000000000000043     
  0.74000000000000044       0.74000000000000044     
  0.75000000000000044       0.75000000000000044     
  0.76000000000000045       0.76000000000000045     
  0.77000000000000046       0.77000000000000046     
  0.78000000000000047       0.78000000000000047     
  0.79000000000000048       0.79000000000000048     
  0.80000000000000049       0.80000000000000049     
  0.81000000000000050       0.81000000000000050     
  0.82000000000000051       0.82000000000000051     
  0.83000000000000052       0.83000000000000052     
  0.84000000000000052       0.84000000000000052     
  0.85000000000000053       0.85000000000000053     
  0.86000000000000054       0.86000000000000054     
  0.87000000000000055       0.87000000000000055     
  0.88000000000000056       0.88000000000000056     
  0.89000000000000057       0.89000000000000057     
  0.90000000000000058       0.90000000000000058     
  0.91000000000000059       0.91000000000000059     
  0.92000000000000060       0.92000000000000060     
  0.93000000000000060       0.93000000000000060     
  0.94000000000000061       0.94000000000000061     
  0.95000000000000062       0.95000000000000062     
  0.96000000000000063       0.96000000000000063     
  0.97000000000000064       0.97000000000000064     
  0.98000000000000065       0.98000000000000065     
  0.99000000000000066       0.99000000000000066     
   1.0000000000000007        1.0000000000000007     
   1.0100000000000007        1.0100000000000007     
   1.0200000000000007        1.0200000000000007     
   1.0300000000000007        1.0300000000000007     
   1.0400000000000007        1.0400000000000007     
   1.0500000000000007        1.0500000000000007     
   1.0600000000000007        1.0600000000000007     
   1.0700000000000007        1.0700000000000007     
   1.0800000000000007        1.0800000000000007     
   1.0900000000000007        1.0900000000000007     
   1.1000000000000008        1.1000000000000008     
   1.1100000000000008        1.1100000000000008     
   1.1200000000000008        1.1200000000000008     
   1.1300000000000008        1.1300000000000008     
   1.1400000000000008        1.1400000000000008     
   1.1500000000000008        1.1500000000000008     
   1.1600000000000008        1.1600000000000008     
   1.1700000000000008        1.1700000000000008     
   1.1800000000000008        1.1800000000000008     
   1.1900000000000008        1.1900000000000008     
   1.2000000000000008        1.2000000000000008     
   1.2100000000000009        1.2100000000000009     
   1.2200000000000009        1.2200000000000009     
   1.2300000000000009        1.2300000000000009     
   1.2400000000000009        1.2400000000000009     
   1.2500000000000009        1.2500000000000009     
   1.2600000000000009        1.2600000000000009     
   1.2700000000000009        1.2700000000000009     
   1.2800000000000009        1.2800000000000009     
   1.2900000000000009        1.2900000000000009     
   1.3000000000000009        1.3000000000000009     
   1.3100000000000009        1.3100000000000009     
   1.3200000000000010        1.3200000000000010     
   1.3300000000000010        1.3300000000000010     
   1.3400000000000010        1.3400000000000010     
   1.3500000000000010        1.3500000000000010     
   1.3600000000000010        1.3600000000000010     
   1.3700000000000010        1.3700000000000010     
   1.3800000000000010        1.3800000000000010     
   1.3900000000000010        1.3900000000000010     
   1.4000000000000010        1.4000000000000010     
   1.4100000000000010        1.4100000000000010     
   1.4200000000000010        1.4200000000000010     
   1.4300000000000010        1.4300000000000010     
   1.4400000000000011        1.4400000000000011     
   1.4500000000000011        1.4500000000000011     
   1.4600000000000011        1.4600000000000011     
   1.4700000000000011        1.4700000000000011     
   1.4800000000000011        1.4800000000000011     
   1.4900000000000011        1.4900000000000011     
   1.5000000000000011        1.5000000000000011     
   1.5100000000000011        1.5100000000000011     
   1.5200000000000011        1.5200000000000011     
   1.5300000000000011        1.5300000000000011     
   1.5400000000000011        1.5400000000000011     
   1.5500000000000012        1.5500000000000012     
   1.5600000000000012        1.5600000000000012     
   1.5700000000000012        1.5700000000000012     
   1.5800000000000012        1.5800000000000012     
   1.5900000000000012        1.5900000000000012     
   1.6000000000000012        1.6000000000000012     
   1.6100000000000012        1.6100000000000012     
   1.6200000000000012        1.6200000000000012     
   1.6300000000000012        1.6300000000000012     
   1.6400000000000012        1.6400000000000012     
   1.6500000000000012        1.6500000000000012     
   1.6600000000000013        1.6600000000000013     
   1.6700000000000013        1.6700000000000013     
   1.6800000000000013        1.6800000000000013     
   1.6900000000000013        1.6900000000000013     
   1.7000000000000013        1.7000000000000013     
   1.7100000000000013        1.7100000000000013     
   1.7200000000000013        1.7200000000000013     
   1.7300000000000013        1.7300000000000013     
   1.7400000000000013        1.7400000000000013     
   1.7500000000000013        1.7500000000000013     
   1.7600000000000013        1.7600000000000013     
   1.7700000000000014        1.7700000000000014     
   1.7800000000000014        1.7800000000000014     
   1.7900000000000014        1.7900000000000014     
   1.8000000000000014        1.8000000000000014     
   1.8100000000000014        1.8100000000000014     
   1.8200000000000014        1.8200000000000014     
   1.8300000000000014        1.8300000000000014     
   1.8400000000000014        1.8400000000000014     
   1.8500000000000014        1.8500000000000014     
   1.8600000000000014        1.8600000000000014     
   1.8700000000000014        1.8700000000000014     
   1.8800000000000014        1.8800000000000014     
   1.8900000000000015        1.8900000000000015     
   1.9000000000000015        1.9000000000000015     
   1.9100000000000015        1.9100000000000015     
   1.9200000000000015        1.9200000000000015     
   1.9300000000000015        1.9300000000000015     
   1.9400000000000015        1.9400000000000015     
   1.9500000000000015        1.9500000000000015     
   1.9600000000000015        1.9600000000000015     
   1.9700000000000015        1.9700000000000015     
   1.9800000000000015        1.9800000000000015     
   1.9900000000000015        1.9900000000000015     
   2.0000000000000013        2.0000000000000013     
   2.0100000000000011        2.0100000000000011     
   2.0200000000000009        2.0200000000000009     
   2.0300000000000007        2.0300000000000007     
   2.0400000000000005        2.0400000000000005     
   2.0500000000000003        2.0500000000000003     
   2.0600000000000001        2.0600000000000001     
   2.0699999999999998        2.0699999999999998     
   2.0799999999999996        2.0799999999999996     
   2.0899999999999994        2.0899999999999994     
   2.0999999999999992        2.0999999999999992     
   2.1099999999999990        2.1099999999999990     
   2.1199999999999988        2.1199999999999988     
   2.1299999999999986        2.1299999999999986     
   2.1399999999999983        2.1399999999999983     
   2.1499999999999981        2.1499999999999981     
   2.1599999999999979        2.1599999999999979     
   2.1699999999999977        2.1699999999999977     
   2.1799999999999975        2.1799999999999975     
   2.1899999999999973        2.1899999999999973     
   2.1999999999999971        2.1999999999999971     
   2.2099999999999969        2.2099999999999969     
   2.2199999999999966        2.2199999999999966     
   2.2299999999999964        2.2299999999999964     
   2.2399999999999962        2.2399999999999962     
   2.2499999999999960        2.2499999999999960     
   2.2599999999999958        2.2599999999999958     
   2.2699999999999956        2.2699999999999956     
   2.2799999999999954        2.2799999999999954     
   2.2899999999999952        2.2899999999999952     
   2.2999999999999949        2.2999999999999949     
   2.3099999999999947        2.3099999999999947     
   2.3199999999999945        2.3199999999999945     
   2.3299999999999943        2.3299999999999943     
   2.3399999999999941        2.3399999999999941     
   2.3499999999999939        2.3499999999999939     
   2.3599999999999937        2.3599999999999937     
   2.3699999999999934        2.3699999999999934     
   2.3799999999999932        2.3799999999999932     
   2.3899999999999930        2.3899999999999930     
   2.3999999999999928        2.3999999999999928     
   2.4099999999999926        2.4099999999999926     
   2.4199999999999924        2.4199999999999924     
   2.4299999999999922        2.4299999999999922     
   2.4399999999999920        2.4399999999999920     
   2.4499999999999917        2.4499999999999917     
   2.4599999999999915        2.4599999999999915     
   2.4699999999999913        2.4699999999999913     
   2.4799999999999911        2.4799999999999911     
   2.4899999999999909        2.4899999999999909     
   2.4999999999999907        2.4999999999999907     
   2.5099999999999905        2.5099999999999905     
   2.5199999999999902        2.5199999999999902     
   2.5299999999999900        2.5299999999999900     
   2.5399999999999898        2.5399999999999898     
   2.5499999999999896        2.5499999999999896     
   2.5599999999999894        2.5599999999999894     
   2.5699999999999892        2.5699999999999892     
   2.5799999999999890        2.5799999999999890     
   2.5899999999999888        2.5899999999999888     
   2.5999999999999885        2.5999999999999885     
   2.6099999999999883        2.6099999999999883     
   2.6199999999999881        2.6199999999999881     
   2.6299999999999879        2.6299999999999879     
   2.6399999999999877        2.6399999999999877     
   2.6499999999999875        2.6499999999999875     
   2.6599999999999873        2.6599999999999873     
   2.6699999999999871        2.6699999999999871     
   2.6799999999999868        2.6799999999999868     
   2.6899999999999866        2.6899999999999866     
   2.6999999999999864        2.6999999999999864     
   2.7099999999999862        2.7099999999999862     
   2.7199999999999860        2.7199999999999860     
   2.7299999999999858        2.7299999999999858     
   2.7399999999999856        2.7399999999999856     
   2.7499999999999853        2.7499999999999853     
   2.7599999999999851        2.7599999999999851     
   2.7699999999999849        2.7699999999999849     
   2.7799999999999847        2.7799999999999847     
   2.7899999999999845        2.7899999999999845     
   2.7999999999999843        2.7999999999999843     
   2.8099999999999841        2.8099999999999841     
   2.8199999999999839        2.8199999999999839     
   2.8299999999999836        2.8299999999999836     
   2.8399999999999834        2.8399999999999834     
   2.8499999999999832        2.8499999999999832     
   2.8599999999999830        2.8599999999999830     
   2.8699999999999828        2.8699999999999828     
   2.8799999999999826        2.8799999999999826     
   2.8899999999999824        2.8899999999999824     
   2.8999999999999821        2.8999999999999821     
   2.9099999999999819        2.9099999999999819     
   2.9199999999999817        2.9199999999999817     
   2.9299999999999815        2.9299999999999815     
   2.9399999999999813        2.9399999999999813     
   2.9499999999999811        2.9499999999999811     
   2.9599999999999809        2.9599999999999809     
   2.9699999999999807        2.9699999999999807     
   2.9799999999999804        2.9799999999999804     
   2.9899999999999802        2.9899999999999802     
   2.9999999999999800        2.9999999999999800     
   3.0099999999999798        3.0099999999999798     
   3.0199999999999796        3.0199999999999796     
   3.0299999999999794        3.0299999999999794     
   3.0399999999999792        3.0399999999999792     
   3.0499999999999790        3.0499999999999790     
   3.0599999999999787        3.0599999999999787     
   3.0699999999999785        3.0699999999999785     
   3.0799999999999783        3.0799999999999783     
   3.0899999999999781        3.0899999999999781     
   3.0999999999999779        3.0999999999999779     
   3.1099999999999777        3.1099999999999777     
   3.1199999999999775        3.1199999999999775     
   3.1299999999999772        3.1299999999999772     
   3.1399999999999770        3.1399999999999770     
   3.1499999999999768       -3.1331853071796094     
   3.1599999999999766       -3.1231853071796096     
   3.1699999999999764       -3.1131853071796098     
   3.1799999999999762       -3.1031853071796101     
   3.1899999999999760       -3.0931853071796103     
   3.1999999999999758       -3.0831853071796105     
   3.2099999999999755       -3.0731853071796107     
   3.2199999999999753       -3.0631853071796109     
   3.2299999999999751       -3.0531853071796111     
   3.2399999999999749       -3.0431853071796113     
   3.2499999999999747       -3.0331853071796115     
   3.2599999999999745       -3.0231853071796118     
   3.2699999999999743       -3.0131853071796120     
   3.2799999999999740       -3.0031853071796122     
   3.2899999999999738       -2.9931853071796124     
   3.2999999999999736       -2.9831853071796126     
   3.3099999999999734       -2.9731853071796128     
   3.3199999999999732       -2.9631853071796130     
   3.3299999999999730       -2.9531853071796133     
   3.3399999999999728       -2.9431853071796135     
   3.3499999999999726       -2.9331853071796137     
   3.3599999999999723       -2.9231853071796139     
   3.3699999999999721       -2.9131853071796141     
   3.3799999999999719       -2.9031853071796143     
   3.3899999999999717       -2.8931853071796145     
   3.3999999999999715       -2.8831853071796147     
   3.4099999999999713       -2.8731853071796150     
   3.4199999999999711       -2.8631853071796152     
   3.4299999999999708       -2.8531853071796154     
   3.4399999999999706       -2.8431853071796156     
   3.4499999999999704       -2.8331853071796158     
   3.4599999999999702       -2.8231853071796160     
   3.4699999999999700       -2.8131853071796162     
   3.4799999999999698       -2.8031853071796164     
   3.4899999999999696       -2.7931853071796167     
   3.4999999999999694       -2.7831853071796169     
   3.5099999999999691       -2.7731853071796171     
   3.5199999999999689       -2.7631853071796173     
   3.5299999999999687       -2.7531853071796175     
   3.5399999999999685       -2.7431853071796177     
   3.5499999999999683       -2.7331853071796179     
   3.5599999999999681       -2.7231853071796182     
   3.5699999999999679       -2.7131853071796184     
   3.5799999999999677       -2.7031853071796186     
   3.5899999999999674       -2.6931853071796188     
   3.5999999999999672       -2.6831853071796190     
   3.6099999999999670       -2.6731853071796192     
   3.6199999999999668       -2.6631853071796194     
   3.6299999999999666       -2.6531853071796196     
   3.6399999999999664       -2.6431853071796199     
   3.6499999999999662       -2.6331853071796201     
   3.6599999999999659       -2.6231853071796203     
   3.6699999999999657       -2.6131853071796205     
   3.6799999999999655       -2.6031853071796207     
   3.6899999999999653       -2.5931853071796209     
   3.6999999999999651       -2.5831853071796211     
   3.7099999999999649       -2.5731853071796214     
   3.7199999999999647       -2.5631853071796216     
   3.7299999999999645       -2.5531853071796218     
   3.7399999999999642       -2.5431853071796220     
   3.7499999999999640       -2.5331853071796222     
   3.7599999999999638       -2.5231853071796224     
   3.7699999999999636       -2.5131853071796226     
   3.7799999999999634       -2.5031853071796228     
   3.7899999999999632       -2.4931853071796231     
   3.7999999999999630       -2.4831853071796233     
   3.8099999999999627       -2.4731853071796235     
   3.8199999999999625       -2.4631853071796237     
   3.8299999999999623       -2.4531853071796239     
   3.8399999999999621       -2.4431853071796241     
   3.8499999999999619       -2.4331853071796243     
   3.8599999999999617       -2.4231853071796245     
   3.8699999999999615       -2.4131853071796248     
   3.8799999999999613       -2.4031853071796250     
   3.8899999999999610       -2.3931853071796252     
   3.8999999999999608       -2.3831853071796254     
   3.9099999999999606       -2.3731853071796256     
   3.9199999999999604       -2.3631853071796258     
   3.9299999999999602       -2.3531853071796260     
   3.9399999999999600       -2.3431853071796263     
   3.9499999999999598       -2.3331853071796265     
   3.9599999999999596       -2.3231853071796267     
   3.9699999999999593       -2.3131853071796269     
   3.9799999999999591       -2.3031853071796271     
   3.9899999999999589       -2.2931853071796273     
   3.9999999999999587       -2.2831853071796275     
   4.0099999999999589       -2.2731853071796273     
   4.0199999999999587       -2.2631853071796275     
   4.0299999999999585       -2.2531853071796277     
   4.0399999999999583       -2.2431853071796279     
   4.0499999999999581       -2.2331853071796282     
   4.0599999999999579       -2.2231853071796284     
   4.0699999999999577       -2.2131853071796286     
   4.0799999999999574       -2.2031853071796288     
   4.0899999999999572       -2.1931853071796290     
   4.0999999999999570       -2.1831853071796292     
   4.1099999999999568       -2.1731853071796294     
   4.1199999999999566       -2.1631853071796296     
   4.1299999999999564       -2.1531853071796299     
   4.1399999999999562       -2.1431853071796301     
   4.1499999999999559       -2.1331853071796303     
   4.1599999999999557       -2.1231853071796305     
   4.1699999999999555       -2.1131853071796307     
   4.1799999999999553       -2.1031853071796309     
   4.1899999999999551       -2.0931853071796311     
   4.1999999999999549       -2.0831853071796314     
   4.2099999999999547       -2.0731853071796316     
   4.2199999999999545       -2.0631853071796318     
   4.2299999999999542       -2.0531853071796320     
   4.2399999999999540       -2.0431853071796322     
   4.2499999999999538       -2.0331853071796324     
   4.2599999999999536       -2.0231853071796326     
   4.2699999999999534       -2.0131853071796328     
   4.2799999999999532       -2.0031853071796331     
   4.2899999999999530       -1.9931853071796333     
   4.2999999999999527       -1.9831853071796335     
   4.3099999999999525       -1.9731853071796337     
   4.3199999999999523       -1.9631853071796339     
   4.3299999999999521       -1.9531853071796341     
   4.3399999999999519       -1.9431853071796343     
   4.3499999999999517       -1.9331853071796345     
   4.3599999999999515       -1.9231853071796348     
   4.3699999999999513       -1.9131853071796350     
   4.3799999999999510       -1.9031853071796352     
   4.3899999999999508       -1.8931853071796354     
   4.3999999999999506       -1.8831853071796356     
   4.4099999999999504       -1.8731853071796358     
   4.4199999999999502       -1.8631853071796360     
   4.4299999999999500       -1.8531853071796363     
   4.4399999999999498       -1.8431853071796365     
   4.4499999999999496       -1.8331853071796367     
   4.4599999999999493       -1.8231853071796369     
   4.4699999999999491       -1.8131853071796371     
   4.4799999999999489       -1.8031853071796373     
   4.4899999999999487       -1.7931853071796375     
   4.4999999999999485       -1.7831853071796377     
   4.5099999999999483       -1.7731853071796380     
   4.5199999999999481       -1.7631853071796382     
   4.5299999999999478       -1.7531853071796384     
   4.5399999999999476       -1.7431853071796386     
   4.5499999999999474       -1.7331853071796388     
   4.5599999999999472       -1.7231853071796390     
   4.5699999999999470       -1.7131853071796392     
   4.5799999999999468       -1.7031853071796395     
   4.5899999999999466       -1.6931853071796397     
   4.5999999999999464       -1.6831853071796399     
   4.6099999999999461       -1.6731853071796401     
   4.6199999999999459       -1.6631853071796403     
   4.6299999999999457       -1.6531853071796405     
   4.6399999999999455       -1.6431853071796407     
   4.6499999999999453       -1.6331853071796409     
   4.6599999999999451       -1.6231853071796412     
   4.6699999999999449       -1.6131853071796414     
   4.6799999999999446       -1.6031853071796416     
   4.6899999999999444       -1.5931853071796418     
   4.6999999999999442       -1.5831853071796420     
   4.7099999999999440       -1.5731853071796422     
   4.7199999999999438       -1.5631853071796424     
   4.7299999999999436       -1.5531853071796426     
   4.7399999999999434       -1.5431853071796429     
   4.7499999999999432       -1.5331853071796431     
   4.7599999999999429       -1.5231853071796433     
   4.7699999999999427       -1.5131853071796435     
   4.7799999999999425       -1.5031853071796437     
   4.7899999999999423       -1.4931853071796439     
   4.7999999999999421       -1.4831853071796441     
   4.8099999999999419       -1.4731853071796444     
   4.8199999999999417       -1.4631853071796446     
   4.8299999999999415       -1.4531853071796448     
   4.8399999999999412       -1.4431853071796450     
   4.8499999999999410       -1.4331853071796452     
   4.8599999999999408       -1.4231853071796454     
   4.8699999999999406       -1.4131853071796456     
   4.8799999999999404       -1.4031853071796458     
   4.8899999999999402       -1.3931853071796461     
   4.8999999999999400       -1.3831853071796463     
   4.9099999999999397       -1.3731853071796465     
   4.9199999999999395       -1.3631853071796467     
   4.9299999999999393       -1.3531853071796469     
   4.9399999999999391       -1.3431853071796471     
   4.9499999999999389       -1.3331853071796473     
   4.9599999999999387       -1.3231853071796476     
   4.9699999999999385       -1.3131853071796478     
   4.9799999999999383       -1.3031853071796480     
   4.9899999999999380       -1.2931853071796482     
   4.9999999999999378       -1.2831853071796484     
   5.0099999999999376       -1.2731853071796486     
   5.0199999999999374       -1.2631853071796488     
   5.0299999999999372       -1.2531853071796490     
   5.0399999999999370       -1.2431853071796493     
   5.0499999999999368       -1.2331853071796495     
   5.0599999999999365       -1.2231853071796497     
   5.0699999999999363       -1.2131853071796499     
   5.0799999999999361       -1.2031853071796501     
   5.0899999999999359       -1.1931853071796503     
   5.0999999999999357       -1.1831853071796505     
   5.1099999999999355       -1.1731853071796507     
   5.1199999999999353       -1.1631853071796510     
   5.1299999999999351       -1.1531853071796512     
   5.1399999999999348       -1.1431853071796514     
   5.1499999999999346       -1.1331853071796516     
   5.1599999999999344       -1.1231853071796518     
   5.1699999999999342       -1.1131853071796520     
   5.1799999999999340       -1.1031853071796522     
   5.1899999999999338       -1.0931853071796525     
   5.1999999999999336       -1.0831853071796527     
   5.2099999999999334       -1.0731853071796529     
   5.2199999999999331       -1.0631853071796531     
   5.2299999999999329       -1.0531853071796533     
   5.2399999999999327       -1.0431853071796535     
   5.2499999999999325       -1.0331853071796537     
   5.2599999999999323       -1.0231853071796539     
   5.2699999999999321       -1.0131853071796542     
   5.2799999999999319       -1.0031853071796544     
   5.2899999999999316      -0.99318530717965459     
   5.2999999999999314      -0.98318530717965480     
   5.3099999999999312      -0.97318530717965501     
   5.3199999999999310      -0.96318530717965523     
   5.3299999999999308      -0.95318530717965544     
   5.3399999999999306      -0.94318530717965565     
   5.3499999999999304      -0.93318530717965587     
   5.3599999999999302      -0.92318530717965608     
   5.3699999999999299      -0.91318530717965629     
   5.3799999999999297      -0.90318530717965650     
   5.3899999999999295      -0.89318530717965672     
   5.3999999999999293      -0.88318530717965693     
   5.4099999999999291      -0.87318530717965714     
   5.4199999999999289      -0.86318530717965736     
   5.4299999999999287      -0.85318530717965757     
   5.4399999999999284      -0.84318530717965778     
   5.4499999999999282      -0.83318530717965800     
   5.4599999999999280      -0.82318530717965821     
   5.4699999999999278      -0.81318530717965842     
   5.4799999999999276      -0.80318530717965864     
   5.4899999999999274      -0.79318530717965885     
   5.4999999999999272      -0.78318530717965906     
   5.5099999999999270      -0.77318530717965928     
   5.5199999999999267      -0.76318530717965949     
   5.5299999999999265      -0.75318530717965970     
   5.5399999999999263      -0.74318530717965992     
   5.5499999999999261      -0.73318530717966013     
   5.5599999999999259      -0.72318530717966034     
   5.5699999999999257      -0.71318530717966055     
   5.5799999999999255      -0.70318530717966077     
   5.5899999999999253      -0.69318530717966098     
   5.5999999999999250      -0.68318530717966119     
   5.6099999999999248      -0.67318530717966141     
   5.6199999999999246      -0.66318530717966162     
   5.6299999999999244      -0.65318530717966183     
   5.6399999999999242      -0.64318530717966205     
   5.6499999999999240      -0.63318530717966226     
   5.6599999999999238      -0.62318530717966247     
   5.6699999999999235      -0.61318530717966269     
   5.6799999999999233      -0.60318530717966290     
   5.6899999999999231      -0.59318530717966311     
   5.6999999999999229      -0.58318530717966333     
   5.7099999999999227      -0.57318530717966354     
   5.7199999999999225      -0.56318530717966375     
   5.7299999999999223      -0.55318530717966397     
   5.7399999999999221      -0.54318530717966418     
   5.7499999999999218      -0.53318530717966439     
   5.7599999999999216      -0.52318530717966460     
   5.7699999999999214      -0.51318530717966482     
   5.7799999999999212      -0.50318530717966503     
   5.7899999999999210      -0.49318530717966524     
   5.7999999999999208      -0.48318530717966546     
   5.8099999999999206      -0.47318530717966567     
   5.8199999999999203      -0.46318530717966588     
   5.8299999999999201      -0.45318530717966610     
   5.8399999999999199      -0.44318530717966631     
   5.8499999999999197      -0.43318530717966652     
   5.8599999999999195      -0.42318530717966674     
   5.8699999999999193      -0.41318530717966695     
   5.8799999999999191      -0.40318530717966716     
   5.8899999999999189      -0.39318530717966738     
   5.8999999999999186      -0.38318530717966759     
   5.9099999999999184      -0.37318530717966780     
   5.9199999999999182      -0.36318530717966802     
   5.9299999999999180      -0.35318530717966823     
   5.9399999999999178      -0.34318530717966844     
   5.9499999999999176      -0.33318530717966865     
   5.9599999999999174      -0.32318530717966887     
   5.9699999999999172      -0.31318530717966908     
   5.9799999999999169      -0.30318530717966929     
   5.9899999999999167      -0.29318530717966951     
   5.9999999999999165      -0.28318530717966972     
   6.0099999999999163      -0.27318530717966993     
   6.0199999999999161      -0.26318530717967015     
   6.0299999999999159      -0.25318530717967036     
   6.0399999999999157      -0.24318530717967057     
   6.0499999999999154      -0.23318530717967079     
   6.0599999999999152      -0.22318530717967100     
   6.0699999999999150      -0.21318530717967121     
   6.0799999999999148      -0.20318530717967143     
   6.0899999999999146      -0.19318530717967164     
   6.0999999999999144      -0.18318530717967185     
   6.1099999999999142      -0.17318530717967207     
   6.1199999999999140      -0.16318530717967228     
   6.1299999999999137      -0.15318530717967249     
   6.1399999999999135      -0.14318530717967271     
   6.1499999999999133      -0.13318530717967292     
   6.1599999999999131      -0.12318530717967313     
   6.1699999999999129      -0.11318530717967334     
   6.1799999999999127      -0.10318530717967356     
   6.1899999999999125       -9.3185307179673771E-002
   6.1999999999999122       -8.3185307179673984E-002
   6.2099999999999120       -7.3185307179674197E-002
   6.2199999999999118       -6.3185307179674410E-002
   6.2299999999999116       -5.3185307179674624E-002
   6.2399999999999114       -4.3185307179674837E-002
   6.2499999999999112       -3.3185307179675050E-002
   6.2599999999999110       -2.3185307179675263E-002
   6.2699999999999108       -1.3185307179675476E-002
   6.2799999999999105       -3.1853071796756893E-003
