  0.10000000149011612        56.571000000204720     
  0.20000000298023224        56.044000188002954     
  0.30000000447034836        55.419001090969736     
  0.40000000596046448        54.696003588388365     
  0.50000000745058060        53.875008911237799     
  0.60000000894069672        52.956018642174961     
  0.70000001043081284        51.939034715512051     
  0.80000001192092896        50.824059417188749     
  0.90000001341104507        49.611095384739421     
   1.0000000149011612        48.300145607255253     
   1.1000000163912773        46.891213425341348     
   1.2000000178813934        45.384302531068791     
   1.3000000193715096        43.779416967921648     
   1.4000000208616257        42.076561130738945     
   1.5000000223517418        40.275739765651608     
   1.6000000238418579        38.376957970014352     
   1.7000000253319740        36.380221192332549     
   1.8000000268220901        34.285535232184067     
   1.9000000283122063        32.092906240136067     
   2.0000000298023224        29.802340717656783     
   2.1000000312924385        27.413845517022267     
   2.2000000327825546        24.927427841218130     
   2.3000000342726707        22.343095243836249     
   2.4000000357627869        19.660855628966459     
   2.5000000372529030        16.880717251083244     
   2.6000000387430191        14.002688714927414     
   2.7000000402331352        11.026778975382774     
   2.8000000417232513        7.9529973373477914     
   2.9000000432133675        4.7813534556022743     
   3.0000000447034836        1.5118573346690471     
   3.1000000461935997       -1.8554806713293579     
