   5.0000000000000003E-002   6.8083492561687384     
  0.10000000000000001        6.8056633229903101     
  0.15000000000000002        6.8030465463862981     
  0.20000000000000001        6.8005015429697719     
  0.25000000000000000        6.7980308575850934     
  0.29999999999999999        6.7956369607632023     
  0.34999999999999998        6.7933222462513108     
  0.39999999999999997        6.7910890286192647     
  0.44999999999999996        6.7889395409451154     
  0.49999999999999994        6.7868759325822205     
  0.54999999999999993        6.7849002670099354     
  0.59999999999999998        6.7830145197703651     
  0.65000000000000002        6.7812205764928981     
  0.70000000000000007        6.7795202310086751     
  0.75000000000000011        6.7779151835569209     
  0.80000000000000016        6.7764070390847646     
  0.85000000000000020        6.7749973056424384     
  0.90000000000000024        6.7736873928752459     
  0.95000000000000029        6.7724786106140922     
   1.0000000000000002        6.7713721675656924     
   1.0500000000000003        6.7703691701039457     
   1.1000000000000003        6.7694706211636406     
   1.1500000000000004        6.7686774192375170     
   1.2000000000000004        6.7679903574779416     
   1.2500000000000004        6.7674101229037547     
   1.3000000000000005        6.7669372957132525     
   1.3500000000000005        6.7665723487040754     
   1.4000000000000006        6.7663156468004120     
   1.4500000000000006        6.7661674466881383     
   1.5000000000000007        6.7661278965581069     
   1.5500000000000007        6.7661970359579602     
   1.6000000000000008        6.7663747957526237     
   1.6500000000000008        6.7666609981934140     
   1.7000000000000008        6.7670553570957939     
   1.7500000000000009        6.7675574781255117     
   1.8000000000000009        6.7681668591929114     
   1.8500000000000010        6.7688828909549930     
   1.9000000000000010        6.7697048574247374     
   1.9500000000000011        6.7706319366870726     
   2.0000000000000009        6.7716632017206981     
   2.0500000000000007        6.7727976213250018     
   2.1000000000000005        6.7740340611512782     
   2.1500000000000004        6.7753712848369823     
   2.2000000000000002        6.7768079552420097     
   2.2500000000000000        6.7783426357857550     
   2.2999999999999998        6.7799737918835881     
   2.3499999999999996        6.7816997924813638     
   2.3999999999999995        6.7835189116863397     
   2.4499999999999993        6.7854293304930087     
   2.4999999999999991        6.7874291386019978     
   2.5499999999999989        6.7895163363301538     
   2.5999999999999988        6.7916888366101897     
   2.6499999999999986        6.7939444670776297     
   2.6999999999999984        6.7962809722430002     
   2.7499999999999982        6.7986960157471401     
   2.7999999999999980        6.8011871826974808     
   2.8499999999999979        6.8037519820827956     
   2.8999999999999977        6.8063878492639791     
   2.9499999999999975        6.8090921485385962     
   2.9999999999999973        6.8118621757764002     
   3.0499999999999972        6.8146951611232645     
   3.0999999999999970        6.8175882717708989     
   3.1499999999999968        6.8205386147894798     
   3.1999999999999966        6.8235432400204017     
   3.2499999999999964        6.8265991430262085     
   3.2999999999999963        6.8297032680949030     
   3.3499999999999961        6.8328525112954130     
   3.3999999999999959        6.8360437235813620     
   3.4499999999999957        6.8392737139399218     
   3.4999999999999956        6.8425392525826050     
   3.5499999999999954        6.8458370741748640     
   3.5999999999999952        6.8491638811012203     
   3.6499999999999950        6.8525163467626804     
   3.6999999999999948        6.8558911189031040     
   3.7499999999999947        6.8592848229612775     
   3.7999999999999945        6.8626940654452504     
   3.8499999999999943        6.8661154373256128     
   3.8999999999999941        6.8695455174443225     
   3.9499999999999940        6.8729808759356352     
   3.9999999999999938        6.8764180776557753     
   4.0499999999999936        6.8798536856178467     
   4.0999999999999934        6.8832842644286130     
   4.1499999999999932        6.8867063837236735     
   4.1999999999999931        6.8901166215976151     
   4.2499999999999929        6.8935115680257066     
   4.2999999999999927        6.8968878282736972     
   4.3499999999999925        6.9002420262923652     
   4.3999999999999924        6.9035708080933302     
   4.4499999999999922        6.9068708451028273     
   4.4999999999999920        6.9101388374901074     
   4.5499999999999918        6.9133715174670369     
   4.5999999999999917        6.9165656525556791     
   4.6499999999999915        6.9197180488205658     
   4.6999999999999913        6.9228255540624621     
   4.7499999999999911        6.9258850609703542     
   4.7999999999999909        6.9288935102285532     
   4.8499999999999908        6.9318478935758243     
   4.8999999999999906        6.9347452568134660     
   4.9499999999999904        6.9375827027593333     
   4.9999999999999902        6.9403573941448311     
   5.0499999999999901        6.9430665564519778     
   5.0999999999999899        6.9457074806877834     
   5.1499999999999897        6.9482775260930776     
   5.1999999999999895        6.9507741227830708     
   5.2499999999999893        6.9531947743171134     
   5.2999999999999892        6.9555370601949917     
   5.3499999999999890        6.9577986382771986     
   5.3999999999999888        6.9599772471269885     
   5.4499999999999886        6.9620707082716820     
   5.4999999999999885        6.9640769283809689     
   5.5499999999999883        6.9659939013601520     
   5.5999999999999881        6.9678197103560748     
   5.6499999999999879        6.9695525296738339     
   5.6999999999999877        6.9711906266024002     
   5.7499999999999876        6.9727323631472338     
   5.7999999999999874        6.9741761976681396     
   5.8499999999999872        6.9755206864208459     
   5.8999999999999870        6.9767644850006381     
   5.9499999999999869        6.9779063496866645     
   5.9999999999999867        6.9789451386856047     
   6.0499999999999865        6.9798798132733992     
   6.0999999999999863        6.9807094388338795     
   6.1499999999999861        6.9814331857932945     
   6.1999999999999860        6.9820503304499262     
   6.2499999999999858        6.9825602556977291     
   6.2999999999999856        6.9829624516433251     
   6.3499999999999854        6.9832565161158779     
   6.3999999999999853        6.9834421550692856     
   6.4499999999999851        6.9835191828762184     
   6.4999999999999849        6.9834875225136894     
   6.5499999999999847        6.9833472056400678     
   6.5999999999999845        6.9830983725634628     
   6.6499999999999844        6.9827412721014142     
   6.6999999999999842        6.9822762613320570     
   6.7499999999999840        6.9817038052370659     
   6.7999999999999838        6.9810244762367812     
   6.8499999999999837        6.9802389536177785     
   6.8999999999999835        6.9793480228535554     
   6.9499999999999833        6.9783525748191932     
   6.9999999999999831        6.9772536049004712     
   7.0499999999999829        6.9760522119986526     
   7.0999999999999828        6.9747495974315914     
   7.1499999999999826        6.9733470637323833     
   7.1999999999999824        6.9718460133470632     
   7.2499999999999822        6.9702479472322381     
   7.2999999999999821        6.9685544633541427     
   7.3499999999999819        6.9667672550908080     
   7.3999999999999817        6.9648881095387827     
   7.4499999999999815        6.9629189057261929     
   7.4999999999999813        6.9608616127337664     
   7.5499999999999812        6.9587182877259171     
   7.5999999999999810        6.9564910738937122     
   7.6499999999999808        6.9541821983117540     
   7.6999999999999806        6.9517939697113267     
   7.7499999999999805        6.9493287761717593     
   7.7999999999999803        6.9467890827325043     
   7.8499999999999801        6.9441774289282900     
   7.8999999999999799        6.9414964262496994     
   7.9499999999999797        6.9387487555318490     
   7.9999999999999796        6.9359371642737253     
   8.0499999999999794        6.9330644638908581     
   8.0999999999999801        6.9301335269040898     
   8.1499999999999808        6.9271472840672184     
   8.1999999999999815        6.9241087214364496     
   8.2499999999999822        6.9210208773844926     
   8.2999999999999829        6.9178868395624065     
   8.3499999999999837        6.9147097418121488     
   8.3999999999999844        6.9114927610329016     
   8.4499999999999851        6.9082391140043713     
   8.4999999999999858        6.9049520541702387     
   8.5499999999999865        6.9016348683848978     
   8.5999999999999872        6.8982908736268014     
   8.6499999999999879        6.8949234136817159     
   8.6999999999999886        6.8915358557991269     
   8.7499999999999893        6.8881315873251845     
   8.7999999999999901        6.8847140123155928     
   8.8499999999999908        6.8812865481317722     
   8.8999999999999915        6.8778526220236857     
   8.9499999999999922        6.8744156677028210     
   8.9999999999999929        6.8709791219086904     
   9.0499999999999936        6.8675464209723032     
   9.0999999999999943        6.8641209973800521     
   9.1499999999999950        6.8607062763414399     
   9.1999999999999957        6.8573056723640855     
   9.2499999999999964        6.8539225858394293     
   9.2999999999999972        6.8505603996425544     
   9.3499999999999979        6.8472224757495184     
   9.3999999999999986        6.8439121518755934     
   9.4499999999999993        6.8406327381377663     
   9.5000000000000000        6.8373875137448028     
   9.5500000000000007        6.8341797237182709     
   9.6000000000000014        6.8310125756477102     
   9.6500000000000021        6.8278892364832373     
   9.7000000000000028        6.8248128293688088     
   9.7500000000000036        6.8217864305192775     
   9.8000000000000043        6.8188130661443465     
   9.8500000000000050        6.8158957094225414     
   9.9000000000000057        6.8130372775282479     
   9.9500000000000064        6.8102406287147170     
   10.000000000000007        6.8075085594559699     
   10.050000000000008        6.8048438016505139     
   10.100000000000009        6.8022490198896080     
   10.150000000000009        6.7997268087928395     
   10.200000000000010        6.7972796904136459     
   10.250000000000011        6.7949101117174555     
   10.300000000000011        6.7926204421348926     
   10.350000000000012        6.7904129711924419     
   10.400000000000013        6.7882899062230759     
   10.450000000000014        6.7862533701590548     
   10.500000000000014        6.7843053994091473     
   10.550000000000015        6.7824479418223929     
   10.600000000000016        6.7806828547402800     
   10.650000000000016        6.7790119031395539     
   10.700000000000017        6.7774367578674024     
   10.750000000000018        6.7759589939706171     
   10.800000000000018        6.7745800891207448     
   10.850000000000019        6.7733014221364982     
   10.900000000000020        6.7721242716049153     
   10.950000000000021        6.7710498146029243     
   11.000000000000021        6.7700791255204038     
   11.050000000000022        6.7692131749857776     
   11.100000000000023        6.7684528288954322     
   11.150000000000023        6.7677988475479580     
   11.200000000000024        6.7672518848838346     
   11.250000000000025        6.7668124878315234     
   11.300000000000026        6.7664810957606196     
   11.350000000000026        6.7662580400424766     
   11.400000000000027        6.7661435437188544     
   11.450000000000028        6.7661377212789393     
   11.500000000000028        6.7662405785448225     
   11.550000000000029        6.7664520126656544     
   11.600000000000030        6.7667718122205223     
   11.650000000000031        6.7671996574298552     
   11.700000000000031        6.7677351204752112     
   11.750000000000032        6.7683776659270034     
   11.800000000000033        6.7691266512799100     
   11.850000000000033        6.7699813275954153     
   11.900000000000034        6.7709408402506108     
   11.950000000000035        6.7720042297928185     
   12.000000000000036        6.7731704328989810     
   12.050000000000036        6.7744382834388528     
   12.100000000000037        6.7758065136411156     
   12.150000000000038        6.7772737553610973     
   12.200000000000038        6.7788385414487928     
   12.250000000000039        6.7804993072158943     
   12.300000000000040        6.7822543920004312     
   12.350000000000041        6.7841020408273343     
   12.400000000000041        6.7860404061632540     
   12.450000000000042        6.7880675497639817     
   12.500000000000043        6.7901814446126281     
   12.550000000000043        6.7923799769464646     
   12.600000000000044        6.7946609483705558     
   12.650000000000045        6.7970220780560551     
   12.700000000000045        6.7994610050208468     
   12.750000000000046        6.8019752904903790     
   12.800000000000047        6.8045624203363335     
   12.850000000000048        6.8072198075905579     
   12.900000000000048        6.8099447950318748     
   12.950000000000049        6.8127346578431709     
   13.000000000000050        6.8155866063360016     
   13.050000000000050        6.8184977887401113     
   13.100000000000051        6.8214652940550442     
   13.150000000000052        6.8244861549609661     
   13.200000000000053        6.8275573507857761     
   13.250000000000053        6.8306758105255847     
   13.300000000000054        6.8338384159155581     
   13.350000000000055        6.8370420045479801     
   13.400000000000055        6.8402833730344437     
   13.450000000000056        6.8435592802090426     
   13.500000000000057        6.8468664503693377     
   13.550000000000058        6.8502015765518687     
   13.600000000000058        6.8535613238389095     
   13.650000000000059        6.8569423326931522     
   13.700000000000060        6.8603412223170519     
   13.750000000000060        6.8637545940334217     
   13.800000000000061        6.8671790346838746     
   13.850000000000062        6.8706111200417945     
   13.900000000000063        6.8740474182363229     
   13.950000000000063        6.8774844931840375     
   14.000000000000064        6.8809189080248059     
   14.050000000000065        6.8843472285584335     
   14.100000000000065        6.8877660266786664     
   14.150000000000066        6.8911718838010563     
   14.200000000000067        6.8945613942813404     
   14.250000000000068        6.8979311688208842     
   14.300000000000068        6.9012778378557709     
   14.350000000000069        6.9045980549261223     
   14.400000000000070        6.9078885000223824     
   14.450000000000070        6.9111458829051147     
   14.500000000000071        6.9143669463950195     
   14.550000000000072        6.9175484696299101     
   14.600000000000072        6.9206872712853951     
   14.650000000000073        6.9237802127560135     
   14.700000000000074        6.9268242012936003     
   14.750000000000075        6.9298161930998718     
   14.800000000000075        6.9327531963700073     
   14.850000000000076        6.9356322742842984     
   14.900000000000077        6.9384505479447824     
   14.950000000000077        6.9412051992539467     
   15.000000000000078        6.9438934737326283     
   15.050000000000079        6.9465126832743804     
   15.100000000000080        6.9490602088333695     
   15.150000000000080        6.9515335030432261     
   15.200000000000081        6.9539300927643168     
   15.250000000000082        6.9562475815567568     
   15.300000000000082        6.9584836520765911     
   15.350000000000083        6.9606360683930122     
   15.400000000000084        6.9627026782242645     
   15.450000000000085        6.9646814150896859     
   15.500000000000085        6.9665703003760360     
   15.550000000000086        6.9683674453160869     
   15.600000000000087        6.9700710528772483     
   15.650000000000087        6.9716794195584306     
   15.700000000000088        6.9731909370934719     
   15.750000000000089        6.9746040940593197     
   15.800000000000090        6.9759174773873358     
   15.850000000000090        6.9771297737762694     
   15.900000000000091        6.9782397710055051     
   15.950000000000092        6.9792463591471758     
   16.000000000000092        6.9801485316760585     
   16.050000000000093        6.9809453864760069     
   16.100000000000094        6.9816361267420124     
   16.150000000000095        6.9822200617769976     
   16.200000000000095        6.9826966076824188     
   16.250000000000096        6.9830652879421518     
   16.300000000000097        6.9833257338989752     
   16.350000000000097        6.9834776851231961     
   16.400000000000098        6.9835209896731172     
   16.450000000000099        6.9834556042468883     
   16.500000000000099        6.9832815942258346     
   16.550000000000100        6.9829991336091179     
   16.600000000000101        6.9826085048397051     
   16.650000000000102        6.9821100985219040     
   16.700000000000102        6.9815044130309589     
   16.750000000000103        6.9807920540144934     
   16.800000000000104        6.9799737337869159     
   16.850000000000104        6.9790502706173880     
   16.900000000000105        6.9780225879113686     
   16.950000000000106        6.9768917132873076     
   17.000000000000107        6.9756587775491452     
   17.050000000000107        6.9743250135555304     
   17.100000000000108        6.9728917549871339     
   17.150000000000109        6.9713604350129579     
   17.200000000000109        6.9697325848572245     
   17.250000000000110        6.9680098322683595     
   17.300000000000111        6.9661938998913122     
   17.350000000000112        6.9642866035449664     
   17.400000000000112        6.9622898504064308     
   17.450000000000113        6.9602056371040586     
   17.500000000000114        6.9580360477208965     
   17.550000000000114        6.9557832517107192     
   17.600000000000115        6.9534495017287492     
   17.650000000000116        6.9510371313791239     
   17.700000000000117        6.9485485528813875     
   17.750000000000117        6.9459862546585116     
   17.800000000000118        6.9433527988485784     
   17.850000000000119        6.9406508187427862     
   17.900000000000119        6.9378830161523926     
   17.950000000000120        6.9350521587069940     
   18.000000000000121        6.9321610770871178     
   18.050000000000122        6.9292126621936898     
   18.100000000000122        6.9262098622572985     
   18.150000000000123        6.9231556798902192     
   18.200000000000124        6.9200531690839417     
   18.250000000000124        6.9169054321553647     
   18.300000000000125        6.9137156166446800     
   18.350000000000126        6.9104869121680279     
   18.400000000000126        6.9072225472280975     
   18.450000000000127        6.9039257859858010     
   18.500000000000128        6.9005999249963335     
   18.550000000000129        6.8972482899128300     
   18.600000000000129        6.8938742321608917     
   18.650000000000130        6.8904811255873835     
   18.700000000000131        6.8870723630868156     
   18.750000000000131        6.8836513532086387     
   18.800000000000132        6.8802215167489225     
   18.850000000000133        6.8767862833297579     
   18.900000000000134        6.8733490879698662     
   18.950000000000134        6.8699133676497786     
   19.000000000000135        6.8664825578750843     
   19.050000000000136        6.8630600892411326     
   19.100000000000136        6.8596493840026529     
   19.150000000000137        6.8562538526517152     
   19.200000000000138        6.8528768905074484     
   19.250000000000139        6.8495218743209332     
   19.300000000000139        6.8461921588986723     
   19.350000000000140        6.8428910737479818     
   19.400000000000141        6.8396219197476862     
   19.450000000000141        6.8363879658474715     
   19.500000000000142        6.8331924457991153     
   19.550000000000143        6.8300385549229423     
   19.600000000000144        6.8269294469127164     
   19.650000000000144        6.8238682306821277     
   19.700000000000145        6.8208579672560861     
   19.750000000000146        6.8179016667098624     
   19.800000000000146        6.8150022851592338     
   19.850000000000147        6.8121627218045564     
   19.900000000000148        6.8093858160317025     
   19.950000000000149        6.8066743445728823     
