   0.0000000000000000      -0.50000000000000000     
  0.10000000000000001      -0.49949999999999994     
  0.20000000000000001      -0.49850049999999990     
  0.30000000000000004      -0.49700249949999992     
  0.40000000000000002      -0.49500749650049991     
  0.50000000000000000      -0.49251748600449935     
  0.59999999999999998      -0.48953495802249442     
  0.69999999999999996      -0.48606289508246692     
  0.79999999999999993      -0.48210476924735690     
  0.89999999999999991      -0.47766453864299957     
  0.99999999999999989      -0.47274664349999923     
   1.0999999999999999      -0.46735600171349889     
   1.2000000000000000      -0.46149800392528506     
   1.3000000000000000      -0.45517850813314598     
   1.4000000000000001      -0.44840383383287374     
   1.5000000000000002      -0.44118075569876858     
   1.6000000000000003      -0.43351649680896465     
   1.7000000000000004      -0.42541872142235182     
   1.8000000000000005      -0.41689552731431656     
   1.9000000000000006      -0.40795543767896703     
   2.0000000000000004      -0.39860739260593853     
   2.1000000000000005      -0.38886074014030408     
   2.2000000000000006      -0.37872522693452937     
   2.3000000000000007      -0.36821098850182010     
   2.4000000000000008      -0.35732853908060902     
   2.5000000000000009      -0.34608876112031733     
   2.6000000000000010      -0.33450289439890535     
   2.7000000000000011      -0.32258252478309446     
   2.8000000000000012      -0.31033957264250045     
   2.9000000000000012      -0.29778628092926390     
   3.0000000000000013      -0.28493520293509811     
   3.1000000000000014      -0.27179918973799727     
   3.2000000000000015      -0.25839137735115841     
   3.3000000000000016      -0.24472517358696838     
   3.4000000000000017      -0.23081424464919137     
   3.5000000000000018      -0.21667250146676520     
   3.6000000000000019      -0.20231408578287224     
   3.7000000000000020      -0.18775335601319640     
   3.8000000000000020      -0.17300487288750738     
   3.9000000000000021      -0.15808338488893087     
   4.0000000000000018      -0.14300381350546540     
   4.1000000000000014      -0.12778123830849447     
   4.2000000000000011      -0.11243088187321507     
   4.3000000000000007       -9.6968094556062423E-002
   4.4000000000000004       -8.1408339144353720E-002
   4.5000000000000000       -6.5767175393500660E-002
   4.5999999999999996       -5.0060244467254114E-002
   4.6999999999999993       -3.4303253296540305E-002
   4.7999999999999989       -1.8511958872529953E-002
   4.8999999999999986       -2.7021524896470748E-003
   4.9999999999999982        1.3110356045725451E-002
   5.0999999999999979        2.8909754225052254E-002
   5.1999999999999975        4.4680242650154002E-002
   5.2999999999999972        6.0406050832605584E-002
   5.3999999999999968        7.6071452964224573E-002
   5.4999999999999964        9.1660783642879343E-002
   5.5999999999999961       0.10715845353789122     
   5.6999999999999957       0.12254896497936522     
   5.7999999999999954       0.13781692745585986     
   5.8999999999999950       0.15294707300489860     
   5.9999999999999947       0.16792427148093247     
   6.0999999999999943       0.18273354568548542     
   6.1999999999999940       0.19736008634435287     
   6.2999999999999936       0.21178926691687594     
   6.3999999999999932       0.22600665822248214     
   6.4999999999999929       0.23999804286986587     
   6.5999999999999925       0.25374942947437973     
   6.6999999999999922       0.26724706664941922     
   6.7999999999999918       0.28047745675780933     
   6.8999999999999915       0.29342736940944153     
   6.9999999999999911       0.30608385469166433     
   7.0999999999999908       0.31843425611919551     
   7.1999999999999904       0.33046622329060749     
   7.2999999999999901       0.34216772423872882     
   7.3999999999999897       0.35352705746261148     
   7.4999999999999893       0.36453286362903148     
   7.5999999999999890       0.37517413693182244     
   7.6999999999999886       0.38544023609768158     
   7.7999999999999883       0.39532089502744305     
   7.8999999999999879       0.40480623306217706     
   7.9999999999999876       0.41388676486384890     
   8.0999999999999872       0.42255340990065687     
   8.1999999999999869       0.43079750152756419     
   8.2999999999999865       0.43861079565294397     
   8.3999999999999861       0.44598547898267082     
   8.4999999999999858       0.45291417683341495     
   8.5999999999999854       0.45938996050732567     
   8.6999999999999851       0.46540635422072912     
   8.7999999999999847       0.47095734157991187     
   8.8999999999999844       0.47603737159751469     
   8.9999999999999840       0.48064136424352000     
   9.0999999999999837       0.48476471552528178     
   9.1999999999999833       0.48840330209151822     
   9.2999999999999829       0.49155348535566318     
   9.3999999999999826       0.49421211513445240     
   9.4999999999999822       0.49637653279810723     
   9.5999999999999819       0.49804457392896395     
   9.6999999999999815       0.49921457048589180     
   9.7999999999999812       0.49988535247233362     
   9.8999999999999808       0.50005624910630320     
   9.9999999999999805       0.49972708949116640     
   10.099999999999980       0.49889820278653857     
   10.199999999999980       0.49757041787912409     
   10.299999999999979       0.49574506255383044     
   10.399999999999979       0.49342396216598300     
   10.499999999999979       0.49060943781596961     
   10.599999999999978       0.48730430402814023     
   10.699999999999978       0.48351186593628281     
   10.799999999999978       0.47923591597848897     
   10.899999999999977       0.47448073010471664     
   10.999999999999977       0.46925106350083967     
   11.099999999999977       0.46355214583346183     
   11.199999999999976       0.45738967602025049     
   11.299999999999976       0.45076981653101889     
   11.399999999999975       0.44369918722525636     
   11.499999999999975       0.43618485873226859     
   11.599999999999975       0.42823434538054850     
   11.699999999999974       0.41985559768344782     
   11.799999999999974       0.41105699438866372     
   11.899999999999974       0.40184733409949097     
   11.999999999999973       0.39223582647621874     
   12.099999999999973       0.38223208302647027     
   12.199999999999973       0.37184610749369529     
   12.299999999999972       0.36108828585342667     
   12.399999999999972       0.34996937592730465     
   12.499999999999972       0.33850049662525528     
   12.599999999999971       0.32669311682658064     
   12.699999999999971       0.31455904391107947     
   12.799999999999971       0.30211041195166721     
   12.899999999999970       0.28935966958030324     
   12.999999999999970       0.27631956753935893     
   13.099999999999969       0.26300314593087537     
   13.199999999999969       0.24942372117646086     
   13.299999999999969       0.23559487270086993     
   13.399999999999968       0.22153042935257811     
   13.499999999999968       0.20724445557493371     
   13.599999999999968       0.19275123734171440     
   13.699999999999967       0.17806526787115334     
   13.799999999999967       0.16320123313272114     
   13.899999999999967       0.14817399716115623     
   13.999999999999966       0.13299858719243016     
   14.099999999999966       0.11769017863651166     
   14.199999999999966       0.10226407990195663     
   14.299999999999965        8.6735717087499664E-002
   14.399999999999965        7.1120618555955195E-002
   14.499999999999964        5.5434399405854762E-002
   14.599999999999964        3.9692745856348480E-002
   14.699999999999964        2.3911399560985844E-002
   14.799999999999963        8.1061418660622261E-003
   14.899999999999963       -7.7072219707274544E-003
   14.999999999999963       -2.3512878585546407E-002
   15.099999999999962       -3.9295022321779817E-002
   15.199999999999962       -5.5037871035691445E-002
   15.299999999999962       -7.0725681878567384E-002
   15.399999999999961       -8.6342767039564755E-002
   15.499999999999961      -0.10187350943352255     
   15.599999999999961      -0.11730237831804684     
   15.699999999999960      -0.13261394482425309     
   15.799999999999960      -0.14779289738563509     
   15.899999999999959      -0.16282405704963143     
   15.999999999999959      -0.17769239265657816     
   16.099999999999959      -0.19238303587086830     
   16.199999999999960      -0.20688129604928757     
   16.299999999999962      -0.22117267493165754     
   16.399999999999963      -0.23524288113909586     
   16.499999999999964      -0.24907784446539510     
   16.599999999999966      -0.26266372994722892     
   16.699999999999967      -0.27598695169911552     
   16.799999999999969      -0.28903418649930301     
   16.899999999999970      -0.30179238711299122     
   16.999999999999972      -0.31424879533956640     
   17.099999999999973      -0.32639095477080204     
   17.199999999999974      -0.33820672324726692     
   17.299999999999976      -0.34968428500048454     
   17.399999999999977      -0.36081216246870162     
   17.499999999999979      -0.37157922777444996     
   17.599999999999980      -0.38197471385242393     
   17.699999999999982      -0.39198822521654542     
   17.799999999999983      -0.40160974835545032     
   17.899999999999984      -0.41082966174599989     
   17.999999999999986      -0.41963874547480334     
   18.099999999999987      -0.42802819045813206     
   18.199999999999989      -0.43598960725100266     
   18.299999999999990      -0.44351503443662221     
   18.399999999999991      -0.45059694658780519     
   18.499999999999993      -0.45722826179240028     
   18.599999999999994      -0.46340234873520308     
   18.699999999999996      -0.46911303332927068     
   18.799999999999997      -0.47435460489000897     
   18.899999999999999      -0.47912182184585717     
   19.000000000000000      -0.48340991697985958     
   19.100000000000001      -0.48721460219688212     
   19.200000000000003      -0.49053207281170785     
   19.300000000000004      -0.49335901135372173     
   19.400000000000006      -0.49569259088438200     
   19.500000000000007      -0.49753047782415782     
   19.600000000000009      -0.49887083428610951     
   19.700000000000010      -0.49971231991377507     
   19.800000000000011      -0.50005409322152694     
   19.900000000000013      -0.49989581243605724     
   20.000000000000014      -0.49923763583815151     
   20.100000000000016      -0.49808022160440746     
   20.200000000000017      -0.49642472714905911     
   20.300000000000018      -0.49427280796656170     
   20.400000000000020      -0.49162661597609769     
   20.500000000000021      -0.48848879736965767     
   20.600000000000023      -0.48486248996584791     
   20.700000000000024      -0.48075132007207239     
   20.800000000000026      -0.47615939885822478     
   20.900000000000027      -0.47109131824551886     
   21.000000000000028      -0.46555214631456748     
   21.100000000000030      -0.45954742223730155     
   21.200000000000031      -0.45308315073779826     
   21.300000000000033      -0.44616579608755719     
   21.400000000000034      -0.43880227564122853     
   21.500000000000036      -0.43099995291925869     
   21.600000000000037      -0.42276663024436961     
   21.700000000000038      -0.41411054093923616     
   21.800000000000040      -0.40504034109316345     
   21.900000000000041      -0.39556510090599761     
   22.000000000000043      -0.38569429561792573     
   22.100000000000044      -0.37543779603423594     
   22.200000000000045      -0.36480585865451193     
   22.300000000000047      -0.35380911541613341     
   22.400000000000048      -0.34245856306233874     
   22.500000000000050      -0.33076555214548176     
   22.600000000000051      -0.31874177567647932     
   22.700000000000053      -0.30639925743180030     
   22.800000000000054      -0.29375033992968957     
   22.900000000000055      -0.28080767208764912     
   23.000000000000057      -0.26758419657352100     
   23.100000000000058      -0.25409313686281937     
   23.200000000000060      -0.24034798401525492     
   23.300000000000061      -0.22636248318367519     
   23.400000000000063      -0.21215061986891182     
   23.500000000000064      -0.19772660593427954     
   23.600000000000065      -0.18310486539371298     
   23.700000000000067      -0.16830001998775271     
   23.800000000000068      -0.15332687456180466     
   23.900000000000070      -0.13820040226129485     
   24.000000000000071      -0.12293572955852369     
   24.100000000000072      -0.10754812112619405     
   24.200000000000074       -9.2052964572738205E-002
   24.300000000000075       -7.6465755054709622E-002
   24.400000000000077       -6.0802079781626314E-002
   24.500000000000078       -4.5077602428761389E-002
   24.600000000000080       -2.9308047473467696E-002
   24.700000000000081       -1.3509184470700542E-002
   24.800000000000082        2.3031877165373138E-003
   24.900000000000084        1.8113256716058630E-002
   25.000000000000085        3.3905212458863895E-002
   25.100000000000087        4.9663262989210290E-002
   25.200000000000088        6.5371650256567479E-002
   25.300000000000090        8.1014665873668096E-002
   25.400000000000091        9.6576666824895047E-002
   25.500000000000092       0.11204209110929712     
   25.600000000000094       0.12739547330258988     
   25.700000000000095       0.14262146002258008     
   25.800000000000097       0.15770482528254764     
   25.900000000000098       0.17263048571723269     
   26.000000000000099       0.18738351566620051     
   26.100000000000101       0.20194916209950212     
   26.200000000000102       0.21631285937070421     
   26.300000000000104       0.23046024378253566     
   26.400000000000105       0.24437716795058448     
   26.500000000000107       0.25804971495068274     
   26.600000000000108       0.27146421223583039     
   26.700000000000109       0.28460724530874215     
   26.800000000000111       0.29746567113634520     
   26.900000000000112       0.31002663129281188     
   27.000000000000114       0.32227756481798575     
   27.100000000000115       0.33420622077834167     
   27.200000000000117       0.34580067051791918     
   27.300000000000118       0.35704931958697878     
   27.400000000000119       0.36794091933645146     
   27.500000000000121       0.37846457816658763     
   27.600000000000122       0.38860977241855721     
   27.700000000000124       0.39836635689810829     
   27.800000000000125       0.40772457502076120     
   27.900000000000126       0.41667506856839331     
   28.000000000000128       0.42520888704745713     
   28.100000000000129       0.43331749663947344     
   28.200000000000131       0.44099278873485037     
   28.300000000000132       0.44822708804149236     
   28.400000000000134       0.45501316026009297     
   28.500000000000135       0.46134421931843334     
   28.600000000000136       0.46721393415745532     
   28.700000000000138       0.47261643506231987     
   28.800000000000139       0.47754631953212207     
   28.900000000000141       0.48199865768239220     
   29.000000000000142       0.48596899717497993     
   29.100000000000144       0.48945336767039260     
   29.200000000000145       0.49244828479813485     
   29.300000000000146       0.49495075364107899     
   29.400000000000148       0.49695827173038210     
   29.500000000000149       0.49846883154795474     
   29.600000000000151       0.49948092253397947     
   29.700000000000152       0.49999353259747031     
   29.800000000000153       0.50000614912836361     
   29.900000000000155       0.49951875951012858     
   30.000000000000156       0.49853185113238341     
   30.100000000000158       0.49704641090350588     
   30.200000000000159       0.49506392426372481     
   30.300000000000161       0.49258637369968000     
   30.400000000000162       0.48961623676193555     
   30.500000000000163       0.48615648358742919     
   30.600000000000165       0.48221057392933542     
   30.700000000000166       0.47778245369731226     
   30.800000000000168       0.47287655101159187     
   30.900000000000169       0.46749777177485974     
   31.000000000000171       0.46165149476635287     
   31.100000000000172       0.45534356626307959     
   31.200000000000173       0.44858029419354323     
   31.300000000000175       0.44136844182981327     
   31.400000000000176       0.43371522102425358     
   31.500000000000178       0.42562828499766969     
   31.600000000000179       0.41711572068608804     
   31.700000000000180       0.40818604065382036     
   31.800000000000182       0.39884817458089883     
   31.900000000000183       0.38911146033339639     
   32.000000000000185       0.37898563462556051     
   32.100000000000186       0.36848082328309906     
   32.200000000000188       0.35760753111735460     
   32.300000000000189       0.34637663142049269     
   32.400000000000190       0.33479935509221037     
   32.500000000000192       0.32288727940883583     
   32.600000000000193       0.31065231644605240     
   32.700000000000195       0.29810670116682292     
   32.800000000000196       0.28526297918642662     
   32.900000000000198       0.27213399422684398     
   33.000000000000199       0.25873287527303440     
   33.100000000000200       0.24507302344395185     
   33.200000000000202       0.23116809859142534     
   33.300000000000203       0.21703200564030736     
   33.400000000000205       0.20267888068354906     
   33.500000000000206       0.18812307684610724     
   33.600000000000207       0.17337914993181930     
   33.700000000000209       0.15846184386759957     
   33.800000000000210       0.14338607595951222     
   33.900000000000212       0.12816692197546536     
   34.000000000000213       0.11281960106944304     
   34.100000000000215        9.7359460562351285E-002
   34.200000000000216        8.1801960594697173E-002
   34.300000000000217        6.6162658666448354E-002
   34.400000000000219        5.0457194079533099E-002
   34.500000000000220        3.4701272298538303E-002
   34.600000000000222        1.8910649245244975E-002
   34.700000000000223        3.1011155427064013E-003
   34.800000000000225       -1.2711519275374880E-002
   34.900000000000226       -2.8511442574180791E-002
   35.000000000000227       -4.4282854430412508E-002
   35.100000000000229       -6.0009983432213830E-002
   35.200000000000230       -7.5677102450582928E-002
   35.300000000000232       -9.1268544366501461E-002
   35.400000000000233      -0.10676871773805348     
   35.500000000000234      -0.12216212239186744     
   35.600000000000236      -0.13743336492328953     
   35.700000000000237      -0.15256717408978832     
   35.800000000000239      -0.16754841608219734     
   35.900000000000240      -0.18236210965852412     
   36.000000000000242      -0.19699344112519243     
   36.100000000000243      -0.21142777915073552     
   36.200000000000244      -0.22565068939712787     
   36.300000000000246      -0.23964794895412309     
   36.400000000000247      -0.25340556056216423     
   36.500000000000249      -0.26690976660964316     
   36.600000000000250      -0.28014706289051244     
   36.700000000000252      -0.29310421210849125     
   36.800000000000253      -0.30576825711436156     
   36.900000000000254      -0.31812653386311751     
   37.000000000000256      -0.33016668407801031     
   37.100000000000257      -0.34187666760882512     
   37.200000000000259      -0.35324477447203118     
   37.300000000000260      -0.36425963656076510     
   37.400000000000261      -0.37491023901293830     
   37.500000000000263      -0.38518593122609857     
   37.600000000000264      -0.39507643750803273     
   37.700000000000266      -0.40457186735245887     
   37.800000000000267      -0.41366272532953258     
   37.900000000000269      -0.42233992058127673     
   38.000000000000270      -0.43059477591243961     
   38.100000000000271      -0.43841903646768998     
   38.200000000000273      -0.44580487798647273     
   38.300000000000274      -0.45274491462726896     
   38.400000000000276      -0.45923220635343787     
   38.500000000000277      -0.46526026587325353     
   38.600000000000279      -0.47082306512719585     
   38.700000000000280      -0.47591504131601098     
   38.800000000000281      -0.48053110246351000     
   38.900000000000283      -0.48466663250854564     
   39.000000000000284      -0.48831749592107271     
   39.100000000000286      -0.49148004183767868     
   39.200000000000287      -0.49415110771244708     
   39.300000000000288      -0.49632802247950292     
   39.400000000000290      -0.49800860922407930     
   39.500000000000291      -0.49919118735943152     
   39.600000000000293      -0.49987457430742432     
   39.700000000000294      -0.50005808668110974     
   39.800000000000296      -0.49974154096811396     
   39.900000000000297      -0.49892525371415014     
   40.000000000000298      -0.49761004120647218     
   40.100000000000300      -0.49579721865758775     
   40.200000000000301      -0.49348859889004570     
   40.300000000000303      -0.49068649052361363     
   40.400000000000304      -0.48739369566665791     
   40.500000000000306      -0.48361350711403556     
   40.600000000000307      -0.47934970505429914     
   40.700000000000308      -0.47460655328950851     
   40.800000000000310      -0.46938879497142832     
   40.900000000000311      -0.46370164785837664     
   41.000000000000313      -0.45755079909746660     
   41.100000000000314      -0.45094239953745918     
   41.200000000000315      -0.44388305757791419     
   41.300000000000317      -0.43637983256079133     
   41.400000000000318      -0.42844022771110774     
   41.500000000000320      -0.42007218263371299     
   41.600000000000321      -0.41128406537368456     
   41.700000000000323      -0.40208466404828247     
   41.800000000000324      -0.39248317805883204     
   41.900000000000325      -0.38248920889132282     
   42.000000000000327      -0.37211275051492226     
   42.100000000000328      -0.36136417938800675     
   42.200000000000330      -0.35025424408170325     
   42.300000000000331      -0.33879405453131806     
   42.400000000000333      -0.32699507092640151     
   42.500000000000334      -0.31486909225055859     
   42.600000000000335      -0.30242824448246514     
   42.700000000000337      -0.28968496846988917     
   42.800000000000338      -0.27665200748884333     
   42.900000000000340      -0.26334239450030866     
   43.000000000000341      -0.24976943911727365     
   43.100000000000342      -0.23594671429512135     
   43.200000000000344      -0.22188804275867396     
   43.300000000000345      -0.20760748317946792     
   43.400000000000347      -0.19311931611708238     
   43.500000000000348      -0.17843802973857975     
   43.600000000000350      -0.16357830533033857     
   43.700000000000351      -0.14855500261676705     
   43.800000000000352      -0.13338314490057873     
   43.900000000000354      -0.11807790403948985     
   44.000000000000355      -0.10265458527436148     
   44.100000000000357       -8.7128611923958751E-002
   44.200000000000358       -7.1515509961632071E-002
   44.300000000000360       -5.5830892489343753E-002
   44.400000000000361       -4.0090444124566096E-002
   44.500000000000362       -2.4309905315663866E-002
   44.600000000000364       -8.5050566014459750E-003
   44.700000000000365        7.3082971693733626E-003
   44.800000000000367        2.3114342643023329E-002
   44.900000000000368        3.8897273774030267E-002
   45.000000000000369        5.4641307631263167E-002
   45.100000000000371        7.0330700180864819E-002
   45.200000000000372        8.5949762030285606E-002
   45.300000000000374       0.10148287411767609     
   45.400000000000375       0.11691450333094892     
   45.500000000000377       0.13222921804089080     
   45.600000000000378       0.14741170353279182     
   45.700000000000379       0.16244677732115997     
   45.800000000000381       0.17731940433220700     
   45.900000000000382       0.19201471193892181     
   46.000000000000384       0.20651800483369773     
   46.100000000000385       0.22081477972363994     
   46.200000000000387       0.23489073983385853     
   46.300000000000388       0.24873180920424326     
   46.400000000000389       0.26232414676542370     
   46.500000000000391       0.27565416017983868     
   46.600000000000392       0.28870851943407388     
   46.700000000000394       0.30147417016887501     
   46.800000000000395       0.31393834673350723     
   46.900000000000396       0.32608858495140602     
   47.000000000000398       0.33791273458435334     
   47.100000000000399       0.34939897148271631     
   47.200000000000401       0.36053580940959662     
   47.300000000000402       0.37131211152706728     
   47.400000000000404       0.38171710153301086     
   47.500000000000405       0.39174037443742138     
   47.600000000000406       0.40137190696739455     
   47.700000000000408       0.41060206759040041     
   47.800000000000409       0.41942162614581580     
   47.900000000000411       0.42782176307508540     
   48.000000000000412       0.43579407824127986     
   48.100000000000414       0.44333059932923308     
   48.200000000000415       0.45042378981785702     
   48.300000000000416       0.45706655651666317     
   48.400000000000418       0.46325225665895264     
   48.500000000000419       0.46897470454458307     
   48.600000000000421       0.47422817772566905     
   48.700000000000422       0.47900742272902930     
   48.800000000000423       0.48330766030966049     
   48.900000000000425       0.48712459022998200     
   49.000000000000426       0.49045439556007359     
   49.100000000000428       0.49329374649460506     
   49.200000000000429       0.49563980368264193     
   49.300000000000431       0.49749022106699614     
   49.400000000000432       0.49884314823028342     
   49.500000000000433       0.49969723224534041     
   49.600000000000435       0.50005161902815198     
   49.700000000000436       0.49990595419193545     
   49.800000000000438       0.49926038340152701     
   49.900000000000439       0.49811555222771703     
