   5.0000000000000003E-002   6.8749960063537925     
  0.10000000000000001        6.8749918409319033     
  0.15000000000000002        6.8749875078995206     
  0.20000000000000001        6.8749830115894222     
  0.25000000000000000        6.8749783564976426     
  0.29999999999999999        6.8749735472789562     
  0.34999999999999998        6.8749685887422913     
  0.39999999999999997        6.8749634858458748     
  0.44999999999999996        6.8749582436922854     
  0.49999999999999994        6.8749528675233709     
  0.54999999999999993        6.8749473627149316     
  0.59999999999999998        6.8749417347714488     
  0.65000000000000002        6.8749359893205177     
  0.70000000000000007        6.8749301321072167     
  0.75000000000000011        6.8749241689884037     
  0.80000000000000016        6.8749181059268203     
  0.85000000000000020        6.8749119489851660     
  0.90000000000000024        6.8749057043199668     
  0.95000000000000029        6.8748993781755079     
   1.0000000000000002        6.8748929768775389     
   1.0500000000000003        6.8748865068269609     
   1.1000000000000003        6.8748799744934361     
   1.1500000000000004        6.8748733864088463     
   1.2000000000000004        6.8748667491608817     
   1.2500000000000004        6.8748600693863979     
   1.3000000000000005        6.8748533537647365     
   1.3500000000000005        6.8748466090111027     
   1.4000000000000006        6.8748398418698171     
   1.4500000000000006        6.8748330591076146     
   1.5000000000000007        6.8748262675068350     
   1.5500000000000007        6.8748194738586399     
   1.6000000000000008        6.8748126849562556     
   1.6500000000000008        6.8748059075881649     
   1.7000000000000008        6.8747991485313236     
   1.7500000000000009        6.8747924145443733     
   1.8000000000000009        6.8747857123608691     
   1.8500000000000010        6.8747790486825568     
   1.9000000000000010        6.8747724301726887     
   1.9500000000000011        6.8747658634493884     
   2.0000000000000009        6.8747593550789867     
   2.0500000000000007        6.8747529115694128     
   2.1000000000000005        6.8747465393637741     
   2.1500000000000004        6.8747402448338804     
   2.2000000000000002        6.8747340342738719     
   2.2500000000000000        6.8747279138939312     
   2.2999999999999998        6.8747218898140492     
   2.3499999999999996        6.8747159680579344     
   2.3999999999999995        6.8747101545469551     
   2.4499999999999993        6.8747044550942613     
   2.4999999999999991        6.8746988753989813     
   2.5499999999999989        6.8746934210404298     
   2.5999999999999988        6.8746880974726157     
   2.6499999999999986        6.8746829100187963     
   2.6999999999999984        6.8746778638661201     
   2.7499999999999982        6.8746729640603963     
   2.7999999999999980        6.8746682155011181     
   2.8499999999999979        6.8746636229365752     
   2.8999999999999977        6.8746591909590249     
   2.9499999999999975        6.8746549240001720     
   2.9999999999999973        6.8746508263267181     
   3.0499999999999972        6.8746469020360648     
   3.0999999999999970        6.8746431550522518     
   3.1499999999999968        6.8746395891220358     
   3.1999999999999966        6.8746362078111369     
   3.2499999999999964        6.8746330145006453     
   3.2999999999999963        6.8746300123836814     
   3.3499999999999961        6.8746272044621675     
   3.3999999999999959        6.8746245935438433     
   3.4499999999999957        6.8746221822394729     
   3.4999999999999956        6.8746199729602040     
   3.5499999999999954        6.8746179679151789     
   3.5999999999999952        6.8746161691093173     
   3.6499999999999950        6.8746145783413191     
   3.6999999999999948        6.8746131972018443     
   3.7499999999999947        6.8746120270719517     
   3.7999999999999945        6.8746110691216975     
   3.8499999999999943        6.8746103243089696     
   3.8999999999999941        6.8746097933785357     
   3.9499999999999940        6.8746094768612878     
   3.9999999999999938        6.8746093750737298     
   4.0499999999999936        6.8746094881176401     
   4.0999999999999934        6.8746098158799844     
   4.1499999999999932        6.8746103580330171     
   4.1999999999999931        6.8746111140346216     
   4.2499999999999929        6.8746120831288433     
   4.2999999999999927        6.8746132643466442     
   4.3499999999999925        6.8746146565068891     
   4.3999999999999924        6.8746162582175048     
   4.4499999999999922        6.8746180678768702     
   4.4999999999999920        6.8746200836754463     
   4.5499999999999918        6.8746223035975635     
   4.5999999999999917        6.8746247254234367     
   4.6499999999999915        6.8746273467313799     
   4.6999999999999913        6.8746301649002515     
   4.7499999999999911        6.8746331771120710     
   4.7999999999999909        6.8746363803548114     
   4.8499999999999908        6.8746397714254286     
   4.8999999999999906        6.8746433469330581     
   4.9499999999999904        6.8746471033024239     
   4.9999999999999902        6.8746510367774025     
   5.0499999999999901        6.8746551434247509     
   5.0999999999999899        6.8746594191380712     
   5.1499999999999897        6.8746638596419256     
   5.1999999999999895        6.8746684604960766     
   5.2499999999999893        6.8746732170999607     
   5.2999999999999892        6.8746781246972990     
   5.3499999999999890        6.8746831783807814     
   5.3999999999999888        6.8746883730970261     
   5.4499999999999886        6.8746937036516504     
   5.4999999999999885        6.8746991647144249     
   5.5499999999999883        6.8747047508246526     
   5.5999999999999881        6.8747104563965831     
   5.6499999999999879        6.8747162757249800     
   5.6999999999999877        6.8747222029908679     
   5.7499999999999876        6.8747282322673575     
   5.7999999999999874        6.8747343575255426     
   5.8499999999999872        6.8747405726405546     
   5.8999999999999870        6.8747468713976758     
   5.9499999999999869        6.8747532474985338     
   5.9999999999999867        6.8747596945674232     
   6.0499999999999865        6.8747662061576973     
   6.0999999999999863        6.8747727757581707     
   6.1499999999999861        6.8747793967996129     
   6.1999999999999860        6.8747860626614052     
   6.2499999999999858        6.8747927666781399     
   6.2999999999999856        6.8747995021462192     
   6.3499999999999854        6.8748062623305675     
   6.3999999999999853        6.8748130404714161     
   6.4499999999999851        6.8748198297910674     
   6.4999999999999849        6.8748266235006330     
   6.5499999999999847        6.8748334148068118     
   6.5999999999999845        6.8748401969187292     
   6.6499999999999844        6.8748469630547122     
   6.6999999999999842        6.8748537064490378     
   6.7499999999999840        6.8748604203587043     
   6.7999999999999838        6.8748670980702435     
   6.8499999999999837        6.8748737329063934     
   6.8999999999999835        6.8748803182327105     
   6.9499999999999833        6.8748868474642748     
   6.9999999999999831        6.8748933140722297     
   7.0499999999999829        6.8748997115903965     
   7.0999999999999828        6.8749060336216949     
   7.1499999999999826        6.8749122738444388     
   7.1999999999999824        6.8749184260187821     
   7.2499999999999822        6.8749244839929746     
   7.2999999999999821        6.8749304417094201     
   7.3499999999999819        6.8749362932107676     
   7.3999999999999817        6.8749420326458726     
   7.4499999999999815        6.8749476542756724     
   7.4999999999999813        6.8749531524788861     
   7.5499999999999812        6.8749585217576517     
   7.5999999999999810        6.8749637567430435     
   7.6499999999999808        6.8749688522003751     
   7.6999999999999806        6.8749738030345169     
   7.7499999999999805        6.8749786042949346     
   7.7999999999999803        6.8749832511806570     
   7.8499999999999801        6.8749877390451060     
   7.8999999999999799        6.8749920634007076     
   7.9499999999999797        6.8749962199233741     
   7.9999999999999796        6.8750002044568435     
   8.0499999999999794        6.8750040130168255     
   8.0999999999999801        6.8750076417950012     
   8.1499999999999808        6.8750110871628172     
   8.1999999999999815        6.8750143456751260     
   8.2499999999999822        6.8750174140736107     
   8.2999999999999829        6.8750202892900605     
   8.3499999999999837        6.8750229684494508     
   8.3999999999999844        6.8750254488727913     
   8.4499999999999851        6.8750277280798020     
   8.4999999999999858        6.8750298037914224     
   8.5499999999999865        6.8750316739320745     
   8.5999999999999872        6.8750333366317236     
   8.6499999999999879        6.8750347902277822     
   8.6999999999999886        6.8750360332667517     
   8.7499999999999893        6.8750370645056620     
   8.7999999999999901        6.8750378829133361     
   8.8499999999999908        6.8750384876714232     
   8.8999999999999915        6.8750388781752019     
   8.9499999999999922        6.8750390540341932     
   8.9999999999999929        6.8750390150725469     
   9.0499999999999936        6.8750387613292236     
   9.0999999999999943        6.8750382930579512     
   9.1499999999999950        6.8750376107269711     
   9.1999999999999957        6.8750367150185712     
   9.2499999999999964        6.8750356068284058     
   9.2999999999999972        6.8750342872645973     
   9.3499999999999979        6.8750327576466219     
   9.3999999999999986        6.8750310195040045     
   9.4499999999999993        6.8750290745747860     
   9.5000000000000000        6.8750269248037634     
   9.5500000000000007        6.8750245723405783     
   9.6000000000000014        6.8750220195375453     
   9.6500000000000021        6.8750192689472973     
   9.7000000000000028        6.8750163233202590     
   9.7500000000000036        6.8750131856018850     
   9.8000000000000043        6.8750098589297002     
   9.8500000000000050        6.8750063466301556     
   9.9000000000000057        6.8750026522153309     
   9.9500000000000064        6.8749987793794167     
   10.000000000000007        6.8749947319950060     
   10.050000000000008        6.8749905141092338     
   10.100000000000009        6.8749861299397228     
   10.150000000000009        6.8749815838703681     
   10.200000000000010        6.8749768804469333     
   10.250000000000011        6.8749720243725427     
   10.300000000000011        6.8749670205029947     
   10.350000000000012        6.8749618738418521     
   10.400000000000013        6.8749565895354507     
   10.450000000000014        6.8749511728677497     
   10.500000000000014        6.8749456292550652     
   10.550000000000015        6.8749399642407045     
   10.600000000000016        6.8749341834893167     
   10.650000000000016        6.8749282927812763     
   10.700000000000017        6.8749222980069415     
   10.750000000000018        6.8749162051606794     
   10.800000000000018        6.8749100203349673     
   10.850000000000019        6.8749037497142877     
   10.900000000000020        6.8748973995688374     
   10.950000000000021        6.8748909762483379     
   11.000000000000021        6.8748844861757341     
   11.050000000000022        6.8748779358407042     
   11.100000000000023        6.8748713317931500     
   11.150000000000023        6.8748646806367244     
   11.200000000000024        6.8748579890221748     
   11.250000000000025        6.8748512636406822     
   11.300000000000026        6.8748445112172103     
   11.350000000000026        6.8748377385037553     
   11.400000000000027        6.8748309522725917     
   11.450000000000028        6.8748241593095445     
   11.500000000000028        6.8748173664071670     
   11.550000000000029        6.8748105803579254     
   11.600000000000030        6.8748038079474370     
   11.650000000000031        6.8747970559476874     
   11.700000000000031        6.8747903311102814     
   11.750000000000032        6.8747836401596256     
   11.800000000000033        6.8747769897862252     
   11.850000000000033        6.8747703866400638     
   11.900000000000034        6.8747638373238651     
   11.950000000000035        6.8747573483865407     
   12.000000000000036        6.8747509263166489     
   12.050000000000036        6.8747445775358287     
   12.100000000000037        6.8747383083924465     
   12.150000000000038        6.8747321251552691     
   12.200000000000038        6.8747260340071579     
   12.250000000000039        6.8747200410388638     
   12.300000000000040        6.8747141522429782     
   12.350000000000041        6.8747083735079508     
   12.400000000000041        6.8747027106121550     
   12.450000000000042        6.8746971692181127     
   12.500000000000043        6.8746917548668858     
   12.550000000000043        6.8746864729724901     
   12.600000000000044        6.8746813288164788     
   12.650000000000045        6.8746763275427023     
   12.700000000000045        6.8746714741521240     
   12.750000000000046        6.8746667734978075     
   12.800000000000047        6.8746622302801255     
   12.850000000000048        6.8746578490420056     
   12.900000000000048        6.8746536341644058     
   12.950000000000049        6.8746495898619546     
   13.000000000000050        6.8746457201787026     
   13.050000000000050        6.8746420289840806     
   13.100000000000051        6.8746385199690536     
   13.150000000000052        6.8746351966424282     
   13.200000000000053        6.8746320623273256     
   13.250000000000053        6.8746291201578478     
   13.300000000000054        6.8746263730759845     
   13.350000000000055        6.8746238238286583     
   13.400000000000055        6.8746214749649557     
   13.450000000000056        6.8746193288335888     
   13.500000000000057        6.8746173875805470     
   13.550000000000058        6.8746156531469635     
   13.600000000000058        6.8746141272671748     
   13.650000000000059        6.8746128114669602     
   13.700000000000060        6.8746117070620327     
   13.750000000000060        6.8746108151567364     
   13.800000000000061        6.8746101366429135     
   13.850000000000062        6.8746096721990417     
   13.900000000000063        6.8746094222895318     
   13.950000000000063        6.8746093871642797     
   14.000000000000064        6.8746095668584077     
   14.050000000000065        6.8746099611922258     
   14.100000000000065        6.8746105697714377     
   14.150000000000066        6.8746113919874974     
   14.200000000000067        6.8746124270182332     
   14.250000000000068        6.8746136738286827     
   14.300000000000068        6.8746151311721233     
   14.350000000000069        6.8746167975912931     
   14.400000000000070        6.8746186714198778     
   14.450000000000070        6.8746207507841728     
   14.500000000000071        6.8746230336049408     
   14.550000000000072        6.8746255175994895     
   14.600000000000072        6.8746282002839800     
   14.650000000000073        6.8746310789759111     
   14.700000000000074        6.8746341507967719     
   14.750000000000075        6.8746374126749350     
   14.800000000000075        6.8746408613487135     
   14.850000000000076        6.8746444933696482     
   14.900000000000077        6.8746483051059544     
   14.950000000000077        6.8746522927461378     
   15.000000000000078        6.8746564523027924     
   15.050000000000079        6.8746607796166312     
   15.100000000000080        6.8746652703606212     
   15.150000000000080        6.8746699200442682     
   15.200000000000081        6.8746747240181740     
   15.250000000000082        6.8746796774787153     
   15.300000000000082        6.8746847754727352     
   15.350000000000083        6.8746900129025157     
   15.400000000000084        6.8746953845309893     
   15.450000000000085        6.8747008849868685     
   15.500000000000085        6.8747065087699966     
   15.550000000000086        6.8747122502569455     
   15.600000000000087        6.8747181037066145     
   15.650000000000087        6.8747240632659139     
   15.700000000000088        6.8747301229756577     
   15.750000000000089        6.8747362767765239     
   15.800000000000090        6.8747425185151005     
   15.850000000000090        6.8747488419500336     
   15.900000000000091        6.8747552407582866     
   15.950000000000092        6.8747617085414383     
   16.000000000000092        6.8747682388321181     
   16.050000000000093        6.8747748251004372     
   16.100000000000094        6.8747814607605306     
   16.150000000000095        6.8747881391771681     
   16.200000000000095        6.8747948536723458     
   16.250000000000096        6.8748015975319863     
   16.300000000000097        6.8748083640126465     
   16.350000000000097        6.8748151463482561     
   16.400000000000098        6.8748219377569306     
   16.450000000000099        6.8748287314476819     
   16.500000000000099        6.8748355206272258     
   16.550000000000100        6.8748422985068283     
   16.600000000000101        6.8748490583090334     
   16.650000000000102        6.8748557932744170     
   16.700000000000102        6.8748624966685066     
   16.750000000000103        6.8748691617883200     
   16.800000000000104        6.8748757819690685     
   16.850000000000104        6.8748823505910615     
   16.900000000000105        6.8748888610860934     
   16.950000000000106        6.8748953069440502     
   17.000000000000107        6.8749016817194759     
   17.050000000000107        6.8749079790379595     
   17.100000000000108        6.8749141926026143     
   17.150000000000109        6.8749203162002761     
   17.200000000000109        6.8749263437076866     
   17.250000000000110        6.8749322690977266     
   17.300000000000111        6.8749380864454039     
   17.350000000000112        6.8749437899337416     
   17.400000000000112        6.8749493738595771     
   17.450000000000113        6.8749548326393413     
   17.500000000000114        6.8749601608146049     
   17.550000000000114        6.8749653530575170     
   17.600000000000115        6.8749704041761710     
   17.650000000000116        6.8749753091197761     
   17.700000000000117        6.8749800629836688     
   17.750000000000117        6.8749846610142873     
   17.800000000000118        6.8749890986138942     
   17.850000000000119        6.8749933713451457     
   17.900000000000119        6.8749974749356015     
   17.950000000000120        6.8750014052819246     
   18.000000000000121        6.8750051584540195     
   18.050000000000122        6.8750087306989531     
   18.100000000000122        6.8750121184446744     
   18.150000000000123        6.8750153183036575     
   18.200000000000124        6.8750183270762593     
   18.250000000000124        6.8750211417538898     
   18.300000000000125        6.8750237595220467     
   18.350000000000126        6.8750261777631172     
   18.400000000000126        6.8750283940590196     
   18.450000000000127        6.8750304061935905     
   18.500000000000128        6.8750322121548209     
   18.550000000000129        6.8750338101368742     
   18.600000000000129        6.8750351985418634     
   18.650000000000130        6.8750363759814643     
   18.700000000000131        6.8750373412783121     
   18.750000000000131        6.8750380934671735     
   18.800000000000132        6.8750386317959062     
   18.850000000000133        6.8750389557262146     
   18.900000000000134        6.8750390649341897     
   18.950000000000134        6.8750389593106300     
   19.000000000000135        6.8750386389611515     
   19.050000000000136        6.8750381042060846     
   19.100000000000136        6.8750373555801492     
   19.150000000000137        6.8750363938319285     
   19.200000000000138        6.8750352199231068     
   19.250000000000139        6.8750338350275140     
   19.300000000000139        6.8750322405299702     
   19.350000000000140        6.8750304380248677     
   19.400000000000141        6.8750284293145940     
   19.450000000000141        6.8750262164077425     
   19.500000000000142        6.8750238015170781     
   19.550000000000143        6.8750211870573397     
   19.600000000000144        6.8750183756428278     
   19.650000000000144        6.8750153700847827     
   19.700000000000145        6.8750121733885781     
   19.750000000000146        6.8750087887506961     
   19.800000000000146        6.8750052195555620     
   19.850000000000147        6.8750014693721697     
   19.900000000000148        6.8749975419504521     
   19.950000000000149        6.8749934412175842     
