   5.0000000000000003E-002  0.68889434619754364     
  0.10000000000000001       0.75553693096070840     
  0.15000000000000002       0.82486111586991928     
  0.20000000000000001       0.89679758107304319     
  0.25000000000000000       0.97127439460091392     
  0.29999999999999999        1.0482170842947769     
  0.34999999999999998        1.1275487122738661     
  0.39999999999999997        1.2091899518684297     
  0.44999999999999996        1.2930591669414500     
  0.49999999999999994        1.3790724935197061     
  0.54999999999999993        1.4671439236524169     
  0.59999999999999998        1.5571853914139306     
  0.65000000000000002        1.6491068609640827     
  0.70000000000000007        1.7428164165784015     
  0.75000000000000011        1.8382203545581297     
  0.80000000000000016        1.9352232769280298     
  0.85000000000000020        2.0337281868284309     
  0.90000000000000024        2.1336365855059594     
  0.95000000000000029        2.2348485708062209     
   1.0000000000000002        2.3372629370696680     
   1.0500000000000003        2.4407772763309361     
   1.1000000000000003        2.5452880807204270     
   1.1500000000000004        2.6506908459656326     
   1.2000000000000004        2.7568801758889978     
   1.2500000000000004        2.8637498877974537     
   1.3000000000000005        2.9711931186584355     
   1.3500000000000005        3.0791024319562856     
   1.4000000000000006        3.1873699251220278     
   1.4500000000000006        3.2958873374292303     
   1.5000000000000007        3.4045461582479266     
   1.5500000000000007        3.5132377355484601     
   1.6000000000000008        3.6218533845467551     
   1.6500000000000008        3.7302844963822963     
   1.7000000000000008        3.8384226467202054     
   1.7500000000000009        3.9461597041687844     
   1.8000000000000009        4.0533879384041418     
   1.8500000000000010        4.1600001278937873     
   1.9000000000000010        4.2658896671114830     
   1.9500000000000011        4.3709506731361341     
   2.0000000000000009        4.4750780915280481     
   2.0500000000000007        4.5781678013767628     
   2.1000000000000005        4.6801167194155351     
   2.1500000000000004        4.7808229030981373     
   2.2000000000000002        4.8801856525350269     
   2.2500000000000000        4.9781056111869484     
   2.2999999999999998        5.0744848652152417     
   2.3499999999999996        5.1692270413895880     
   2.3999999999999995        5.2622374034551793     
   2.4499999999999993        5.3534229468631009     
   2.4999999999999991        5.4426924917690735     
   2.5499999999999989        5.5299567742075055     
   2.5999999999999988        5.6151285353499674     
   2.6499999999999986        5.6981226087585739     
   2.6999999999999984        5.7788560055470644     
   2.7499999999999982        5.8572479973644604     
   2.7999999999999980        5.9332201971184384     
   2.8499999999999979        6.0066966373575328     
   2.8999999999999977        6.0776038462337620     
   2.9499999999999975        6.1458709209699549     
   2.9999999999999973        6.2114295987580768     
   3.0499999999999972        6.2742143250177413     
   3.0999999999999970        6.3341623189467287     
   3.1499999999999968        6.3912136362978655     
   3.1999999999999966        6.4453112293195227     
   3.2499999999999964        6.4964010037997664     
   3.2999999999999963        6.5444318731572393     
   3.3499999999999961        6.5893558095245037     
   3.3999999999999959        6.6311278917729339     
   3.4499999999999957        6.6697063504310448     
   3.4999999999999956        6.7050526094513270     
   3.5499999999999954        6.7371313247839009     
   3.5999999999999952        6.7659104197183542     
   3.6499999999999950        6.7913611169584529     
   3.6999999999999948        6.8134579673976168     
   3.7499999999999947        6.8321788755664645     
   3.7999999999999945        6.8475051217268845     
   3.8499999999999943        6.8594213805906037     
   3.8999999999999941        6.8679157366435266     
   3.9499999999999940        6.8729796960604919     
   3.9999999999999938        6.8746081951985865     
   4.0499999999999936        6.8727996056604512     
   4.0999999999999934        6.8675557359225889     
   4.1499999999999932        6.8588818295269931     
   4.1999999999999931        6.8467865598379412     
   4.2499999999999929        6.8312820213691694     
   4.2999999999999927        6.8123837176901070     
   4.3499999999999925        6.7901105459232989     
   4.3999999999999924        6.7644847778484385     
   4.4499999999999922        6.7355320376319785     
   4.4999999999999920        6.7032812762045975     
   4.5499999999999918        6.6677647423120536     
   4.5999999999999917        6.6290179502684534     
   4.6499999999999915        6.5870796444441542     
   4.6999999999999913        6.5419917605238398     
   4.7499999999999911        6.4937993835734487     
   4.7999999999999909        6.4425507029579059     
   4.8499999999999908        6.3882969641547813     
   4.8999999999999906        6.3310924175120151     
   4.9499999999999904        6.2709942640009730     
   4.9999999999999902        6.2080625980190423     
   5.0499999999999901        6.1423603472989621     
   5.0999999999999899        6.0739532099850546     
   5.1499999999999897        6.0029095889391968     
   5.1999999999999895        5.9293005233421967     
   5.2499999999999893        5.8531996176590866     
   5.2999999999999892        5.7746829680392722     
   5.3499999999999890        5.6938290862250618     
   5.3999999999999888        5.6107188210448893     
   5.4499999999999886        5.5254352775695512     
   5.4999999999999885        5.4380637340122941     
   5.5499999999999883        5.3486915564559778     
   5.5999999999999881        5.2574081114924081     
   5.6499999999999879        5.1643046768613123     
   5.6999999999999877        5.0694743501783464     
   5.7499999999999876        4.9730119558433037     
   5.7999999999999874        4.8750139502216125     
   5.8499999999999872        4.7755783251940267     
   5.8999999999999870        4.6748045101708566     
   5.9499999999999869        4.5727932726687524     
   5.9999999999999867        4.4696466175495111     
   6.0499999999999865        4.3654676850216036     
   6.0999999999999863        4.2603606475063742     
   6.1499999999999861        4.1544306054721076     
   6.1999999999999860        4.0477834823402192     
   6.2499999999999858        3.9405259185684329     
   6.2999999999999856        3.8327651650169221     
   6.3499999999999854        3.7246089757041640     
   6.3999999999999853        3.6161655000597026     
   6.4499999999999851        3.5075431747814840     
   6.4999999999999849        3.3988506154058982     
   6.5499999999999847        3.2901965076990205     
   6.5999999999999845        3.1816894989776818     
   6.6499999999999844        3.0734380894689313     
   6.6999999999999842        2.9655505238165549     
   6.7499999999999840        2.8581346828432022     
   6.7999999999999838        2.7512979756763798     
   6.8499999999999837        2.6451472323459919     
   6.8999999999999835        2.5397885969609235     
   6.9499999999999833        2.4353274215716434     
   6.9999999999999831        2.3318681608246798     
   7.0499999999999829        2.2295142675146056     
   7.0999999999999828        2.1283680891376480     
   7.1499999999999826        2.0285307655504963     
   7.1999999999999824        1.9301021278368951     
   7.2499999999999822        1.8331805984828062     
   7.2999999999999821        1.7378630929599883     
   7.3499999999999819        1.6442449228166129     
   7.3999999999999817        1.5524197003716775     
   7.4499999999999815        1.4624792451085677     
   7.4999999999999813        1.3745134918612611     
   7.5499999999999812        1.2886104008851462     
   7.5999999999999810        1.2048558699022733     
   7.6499999999999808        1.1233336482089364     
   7.6999999999999806        1.0441252529316998     
   7.7499999999999805       0.96730988751530755     
   7.7999999999999803       0.89296436252420519     
   7.8499999999999801       0.82116301883680676     
   7.8999999999999799       0.75197765330922428     
   7.9499999999999797       0.68547744698289959     
   7.9999999999999796       0.62172889590789349     
   8.0499999999999794       0.56079574465099380     
   8.0999999999999801       0.50273892255513708     
   8.1499999999999808       0.44761648281386468     
   8.1999999999999815       0.39548354442177192     
   8.2499999999999822       0.34639223705893335     
   8.2999999999999829       0.30039164896450138     
   8.3499999999999837       0.25752777785154513     
   8.3999999999999844       0.21784348491218775     
   8.4499999999999851       0.18137845195908875     
   8.4999999999999858       0.14816914174613927     
   8.5499999999999865       0.11824876150797514     
   8.5999999999999872        9.1647229754800580E-002
   8.6499999999999879        6.8391146355781945E-002
   8.6999999999999886        4.8503765940818018E-002
   8.7499999999999893        3.2004974647352899E-002
   8.7999999999999901        1.8911270235504696E-002
   8.8499999999999908        9.2357455913346133E-003
   8.8999999999999915        2.9880756347648221E-003
   8.9499999999999922        1.7450764527166625E-004
   8.9999999999999929        7.9785501499762162E-004
   9.0499999999999936        4.8574944355309979E-003
   9.0999999999999943        1.2349366521179002E-002
   9.1499999999999950        2.3265979868098051E-002
   9.1999999999999957        3.7596418545229361E-002
   9.2499999999999964        5.5326353009549301E-002
   9.2999999999999972        7.6438054434717656E-002
   9.3499999999999979       0.10091041243878487     
   9.3999999999999986       0.12871895619327173     
   9.4499999999999993       0.15983587889246376     
   9.5000000000000000       0.19423006555846059     
   9.5500000000000007       0.23186712415423627     
   9.6000000000000014       0.27270941997351072     
   9.6500000000000021       0.31671611327309790     
   9.7000000000000028       0.36384320011011984     
   9.7500000000000036       0.41404355634319606     
   9.8000000000000043       0.46726698475361900     
   9.8500000000000050       0.52346026523942779     
   9.9000000000000057       0.58256720803221740     
   9.9500000000000064       0.64452870988338617     
   10.000000000000007       0.70928281316367536     
   10.050000000000008       0.77676476781693893     
   10.100000000000009       0.84690709610614823     
   10.150000000000009       0.91963966008690823     
   10.200000000000010       0.99488973174100126     
   10.250000000000011        1.0725820656998983     
   10.300000000000011        1.1526389744854380     
   10.350000000000012        1.2349804061923972     
   10.400000000000013        1.3195240245354056     
   10.450000000000014        1.4061852911800801     
   10.500000000000014        1.4948775502760905     
   10.550000000000015        1.5855121151076474     
   10.600000000000016        1.6779983567745713     
   10.650000000000016        1.7722437948155676     
   10.700000000000017        1.8681541896829554     
   10.750000000000018        1.9656336369762319     
   10.800000000000018        2.0645846633405824     
   10.850000000000019        2.1649083239341254     
   10.900000000000020        2.2665043013664645     
   10.950000000000021        2.3692710060098872     
   11.000000000000021        2.4731056775826974     
   11.050000000000022        2.5779044879029978     
   11.100000000000023        2.6835626447103711     
   11.150000000000023        2.7899744964516628     
   11.200000000000024        2.8970336379258796     
   11.250000000000025        3.0046330166827269     
   11.300000000000026        3.1126650400684133     
   11.350000000000026        3.2210216828115490     
   11.400000000000027        3.3295945950416646     
   11.450000000000028        3.4382752106323542     
   11.500000000000028        3.5469548557605819     
   11.550000000000029        3.6555248575736847     
   11.600000000000030        3.7638766528554672     
   11.650000000000031        3.8719018965826328     
   11.700000000000031        3.9794925702630590     
   11.750000000000032        4.0865410899474730     
   11.800000000000033        4.1929404138066957     
   11.850000000000033        4.2985841491668495     
   11.900000000000034        4.4033666588952993     
   11.950000000000035        4.5071831670312292     
   12.000000000000036        4.6099298635550596     
   12.050000000000036        4.7115040081919073     
   12.100000000000037        4.8118040331455010     
   12.150000000000038        4.9107296446596544     
   12.200000000000038        5.0081819233057150     
   12.250000000000039        5.1040634228957860     
   12.300000000000040        5.1982782679228698     
   12.350000000000041        5.2907322494303894     
   12.400000000000041        5.3813329192152102     
   12.450000000000042        5.4699896822700698     
   12.500000000000043        5.5566138873729738     
   12.550000000000043        5.6411189157328359     
   12.600000000000044        5.7234202676028501     
   12.650000000000045        5.8034356467749966     
   12.700000000000045        5.8810850428710655     
   12.750000000000046        5.9562908113480262     
   12.800000000000047        6.0289777511377727     
   12.850000000000048        6.0990731798434448     
   12.900000000000048        6.1665070064172927     
   12.950000000000049        6.2312118012473716     
   13.000000000000050        6.2931228635829033     
   13.050000000000050        6.3521782862309824     
   13.100000000000051        6.4083190174599247     
   13.150000000000052        6.4614889200473087     
   13.200000000000053        6.5116348274136682     
   13.250000000000053        6.5587065967857399     
   13.300000000000054        6.6026571593361396     
   13.350000000000055        6.6434425672492399     
   13.400000000000055        6.6810220376662155     
   13.450000000000056        6.7153579934653607     
   13.500000000000057        6.7464161008368650     
   13.550000000000058        6.7741653036144909     
   13.600000000000058        6.7985778543297970     
   13.650000000000059        6.8196293419578478     
   13.700000000000060        6.8372987163267283     
   13.750000000000060        6.8515683091664128     
   13.800000000000061        6.8624238517759046     
   13.850000000000062        6.8698544892910718     
   13.900000000000063        6.8738527915388090     
   13.950000000000063        6.8744147604667658     
   14.000000000000064        6.8715398341411360     
   14.050000000000065        6.8652308873085559     
   14.100000000000065        6.8554942285215601     
   14.150000000000066        6.8423395938303910     
   14.200000000000067        6.8257801370475679     
   14.250000000000068        6.8058324165949102     
   14.300000000000068        6.7825163789461493     
   14.350000000000069        6.7558553386816715     
   14.400000000000070        6.7258759551754270     
   14.450000000000070        6.6926082059372174     
   14.500000000000071        6.6560853566370435     
   14.550000000000072        6.6163439278415135     
   14.600000000000072        6.5734236584955834     
   14.650000000000073        6.5273674661860994     
   14.700000000000074        6.4782214042268578     
   14.750000000000075        6.4260346156081924     
   14.800000000000075        6.3708592838570341     
   14.850000000000076        6.3127505808566751     
   14.900000000000077        6.2517666116783310     
   14.950000000000077        6.1879683564796863     
   15.000000000000078        6.1214196095285320     
   15.050000000000079        6.0521869154125350     
   15.100000000000080        5.9803395024987758     
   15.150000000000080        5.9059492137096745     
   15.200000000000081        5.8290904346846233     
   15.250000000000082        5.7498400193990227     
   15.300000000000082        5.6682772133150010     
   15.350000000000083        5.5844835741409256     
   15.400000000000084        5.4985428902789026     
   15.450000000000085        5.4105410970415067     
   15.500000000000085        5.3205661907218174     
   15.550000000000086        5.2287081406027269     
   15.600000000000087        5.1350587989932546     
   15.650000000000087        5.0397118093819202     
   15.700000000000088        4.9427625127991472     
   15.750000000000089        4.8443078524821983     
   15.800000000000090        4.7444462769379783     
   15.850000000000090        4.6432776415006769     
   15.900000000000091        4.5409031084826932     
   15.950000000000092        4.4374250460186273     
   16.000000000000092        4.3329469257035687     
   16.050000000000093        4.2275732191279474     
   16.100000000000094        4.1214092934124711     
   16.150000000000095        4.0145613058476277     
   16.200000000000095        3.9071360977429754     
   16.250000000000096        3.7992410875925438     
   16.300000000000097        3.6909841636630381     
   16.350000000000097        3.5824735761123194     
   16.400000000000098        3.4738178287460530     
   16.450000000000099        3.3651255705206173     
   16.500000000000099        3.2565054869009553     
   16.550000000000100        3.1480661911819490     
   16.600000000000101        3.0399161158818644     
   16.650000000000102        2.9321634043165758     
   16.700000000000102        2.8249158024631784     
   16.750000000000103        2.7182805512205399     
   16.800000000000104        2.6123642791751154     
   16.850000000000104        2.5072728959792610     
   16.900000000000105        2.4031114864479659     
   16.950000000000106        2.2999842054806479     
   17.000000000000107        2.1979941739128162     
   17.050000000000107        2.0972433754016304     
   17.100000000000108        1.9978325544487141     
   17.150000000000109        1.8998611156618563     
   17.200000000000109        1.8034270243565855     
   17.250000000000110        1.7086267085970870     
   17.300000000000111        1.6155549627741324     
   17.350000000000112        1.5243048528165626     
   17.400000000000112        1.4349676231311734     
   17.450000000000113        1.3476326053640839     
   17.500000000000114        1.2623871290746305     
   17.550000000000114        1.1793164344112508     
   17.600000000000115        1.0985035868767030     
   17.650000000000116        1.0200293942677301     
   17.700000000000117       0.94397232587227498     
   17.750000000000117       0.87040843400517554     
   17.800000000000118       0.79941127796055766     
   17.850000000000119       0.73105185045712506     
   17.900000000000119       0.66539850664994027     
   17.950000000000120       0.60251689577947232     
   18.000000000000121       0.54246989552649838     
   18.050000000000122       0.48531754913833403     
   18.100000000000122       0.43111700538931830     
   18.150000000000123       0.37992246143567676     
   18.200000000000124       0.33178510862171667     
   18.250000000000124       0.28675308129166471     
   18.300000000000125       0.24487140865834658     
   18.350000000000126       0.20618196977678385     
   18.400000000000126       0.17072345166777556     
   18.450000000000127       0.13853131063326868     
   18.500000000000128       0.10963773680228897     
   18.550000000000129        8.4071621942829897E-002
   18.600000000000129        6.1858530571862733E-002
   18.650000000000130        4.3020674392435482E-002
   18.700000000000131        2.7576890083364301E-002
   18.750000000000131        1.5542620463722422E-002
   18.800000000000132        6.9298990509891849E-003
   18.850000000000133        1.7473380282819668E-003
   18.900000000000134        1.1963271310975243E-007
   18.950000000000134        1.6899909734772718E-003
   19.000000000000135        6.8152622848506178E-003
   19.050000000000136        1.5370808615850873E-002
   19.100000000000136        2.7348074954867265E-002
   19.150000000000137        4.2735084784142750E-002
   19.200000000000138        6.1516452055534215E-002
   19.250000000000139        8.3673396575600079E-002
   19.300000000000139       0.10918376278463693     
   19.350000000000140       0.13802204191083253     
   19.400000000000141       0.17015939747744430     
   19.450000000000141       0.20556369413750111     
   19.500000000000142       0.24419952980710730     
   19.550000000000143       0.28602827106533152     
   19.600000000000144       0.33100809178521773     
   19.650000000000144       0.37909401495728351     
   19.700000000000145       0.43023795766373435     
   19.750000000000146       0.48438877915834422     
   19.800000000000146       0.54149233200404390     
   19.850000000000147       0.60149151621697994     
   19.900000000000148       0.66432633636287541     
   19.950000000000149       0.72993396154875712     
