   0.0000000000000000        6.2500000000000000     
  0.10000000000000001        6.2375062499999983     
  0.20000000000000001        6.2125687125062479     
  0.30000000000000004        6.1752871127311861     
  0.40000000000000002        6.1258105397923117     
  0.50000000000000000        6.0643368505048052     
  0.59999999999999998        5.9911118781521342     
  0.69999999999999996        5.9064284493987307     
  0.79999999999999993        5.8106252132761815     
  0.89999999999999991        5.7040852869257410     
  0.99999999999999989        5.5872347235128839     
   1.0999999999999999        5.4605408084406992     
   1.2000000000000000        5.3245101906755608     
   1.3000000000000000        5.1796868566579102     
   1.4000000000000001        5.0266499549004866     
   1.5000000000000002        4.8660114799734133     
   1.6000000000000003        4.6984138251379264     
   1.7000000000000004        4.5245272134157144     
   1.8000000000000005        4.3450470173670510     
   1.9000000000000006        4.1606909782959391     
   2.0000000000000004        3.9721963360026207     
   2.1000000000000005        3.7803168805616276     
   2.2000000000000006        3.5858199379152693     
   2.3000000000000007        3.3894833013371874     
   2.4000000000000008        3.1920921210370587     
   2.5000000000000009        2.9944357643449022     
   2.6000000000000010        2.7973046590311310     
   2.7000000000000011        2.6014871323858939     
   2.8000000000000012        2.4077662586982451     
   2.9000000000000012        2.2169167277420621     
   3.0000000000000013        2.0297017467916389     
   3.1000000000000014        1.8468699885557960     
   3.2000000000000015        1.6691525972357184     
   3.3000000000000016        1.4972602646792954     
   3.4000000000000017        1.3318803883244192     
   3.5000000000000018        1.1736743222966342     
   3.6000000000000019        1.0232747326539848     
   3.7000000000000020       0.88128306735545181     
   3.8000000000000020       0.74826715107056474     
   3.9000000000000021       0.62475891444854637     
   4.0000000000000018       0.51125226692764825     
   4.1000000000000014       0.40820112159130645     
   4.2000000000000011       0.31601757996972096     
   4.3000000000000007       0.23507028404583657     
   4.4000000000000004       0.16568294205605288     
   4.5000000000000000       0.10813303398098699     
   4.5999999999999996        6.2650701903031153E-002
   4.6999999999999993        2.9417829668165082E-002
   4.7999999999999989        8.5673155324560123E-003
   4.8999999999999986        1.8254070193264715E-004
   4.9999999999999982        4.2970358911422479E-003
   5.0999999999999979        2.0894347233823166E-002
   5.1999999999999975        4.9908102081916011E-002
   5.2999999999999972        9.1222274429783243E-002
   5.3999999999999968       0.14467164890220580     
   5.4999999999999964       0.21004248145066842     
   5.5999999999999961       0.28707335411580975     
   5.6999999999999957       0.37545622043784210     
   5.7999999999999954       0.47483763733434342     
   5.8999999999999950       0.58482017851914458     
   5.9999999999999947       0.70496402381004775     
   6.0999999999999943       0.83478871796973464     
   6.1999999999999940       0.97377509204626045     
   6.2999999999999936        1.1213673395296930     
   6.3999999999999932        1.2769752390223463     
   6.4999999999999929        1.4399765145341492     
   6.5999999999999925        1.6097193239643299     
   6.6999999999999922        1.7855248658179776     
   6.7999999999999918        1.9666900937332197     
   6.8999999999999915        2.1524905279636219     
   6.9999999999999911        2.3421831525726975     
   7.0999999999999908        2.5350093867546351     
   7.1999999999999904        2.7301981183989410     
   7.2999999999999901        2.9269687877677693     
   7.3999999999999897        3.1245345089543148     
   7.4999999999999893        3.3221052166395517     
   7.5999999999999890        3.5188908255634463     
   7.6999999999999886        3.7141043900759132     
   7.7999999999999883        3.9069652511324668     
   7.8999999999999879        4.0967021581497400     
   7.9999999999999876        4.2825563532365738     
   8.0999999999999872        4.4637846054668140     
   8.1999999999999869        4.6396621830597917     
   8.2999999999999865        4.8094857515827139     
   8.3999999999999861        4.9725761865850577     
   8.4999999999999858        5.1282812894172460     
   8.5999999999999854        5.2759783953730564     
   8.6999999999999851        5.4150768637257700     
   8.7999999999999847        5.5450204397004441     
   8.8999999999999844        5.6652894789367574     
   8.9999999999999840        5.7754030255468018     
   9.0999999999999837        5.8749207354576845     
   9.1999999999999833        5.9634446373474699     
   9.2999999999999829        6.0406207241325038     
   9.3999999999999826        6.1061403686417304     
   9.4999999999999822        6.1597415578167602     
   9.5999999999999819        6.2012099405020820     
   9.6999999999999815        6.2303796846353352     
   9.7999999999999812        6.2471341404097309     
   9.8999999999999808        6.2514063067566275     
   9.9999999999999805        6.2431790992828065     
   10.099999999999980        6.2224854185909537     
   10.199999999999980        6.1894080187101537     
   10.299999999999979        6.1440791761625313     
   10.399999999999979        6.0866801609894354     
   10.499999999999979        6.0174405118525431     
   10.599999999999978        5.9366371181087532     
   10.699999999999978        5.8445931125296475     
   10.799999999999978        5.7416765790935331     
   10.899999999999977        5.6282990810176239     
   10.999999999999977        5.5049140149167259     
   11.099999999999977        5.3720147976701762     
   11.199999999999976        5.2301328932477427     
   11.299999999999976        5.0798356873852111     
   11.399999999999975        4.9217242186088273     
   11.499999999999975        4.7564307746822276     
   11.599999999999975        4.5846163640876716     
   11.699999999999974        4.4069680726531297     
   11.799999999999974        4.2241963158960480     
   11.899999999999974        4.0370319980716980     
   11.999999999999973        3.8462235892870593     
   12.099999999999973        3.6525341323688614     
   12.199999999999973        3.4567381914553201     
   12.299999999999972        3.2596187545141495     
   12.399999999999972        3.0619641021736768     
   12.499999999999972        2.8645646553886119     
   12.599999999999971        2.6682098145466471     
   12.699999999999971        2.4736848026563107     
   12.799999999999971        2.2817675252401513     
   12.899999999999970        2.0932254594905562     
   12.999999999999970        1.9088125851284590     
   13.099999999999969        1.7292663692384329     
   13.199999999999969        1.5553048171378221     
   13.299999999999969        1.3876236010734775     
   13.399999999999968        1.2268932782284401     
   13.499999999999968        1.0737566091637669     
   13.599999999999968       0.92882598741904787     
   13.699999999999967       0.79268099055064001     
   13.799999999999967       0.66586606240101998     
   13.899999999999967       0.54888833586785835     
   13.999999999999966       0.44221560487956119     
   14.099999999999966       0.34627445368735060     
   14.199999999999966       0.26144855095484426     
   14.299999999999965       0.18807711546706954     
   14.399999999999965       0.12645355959454196     
   14.499999999999964        7.6824315937195770E-002
   14.599999999999964        3.9387851840416731E-002
   14.699999999999964        1.4293875724127851E-002
   14.799999999999963        1.6427383988181698E-003
   14.899999999999963        1.4850317626515996E-003
   14.999999999999963        1.3821386484466170E-002
   15.099999999999962        3.8602469481729351E-002
   15.199999999999962        7.5729181203535084E-002
   15.299999999999962       0.12505305192970786     
   15.399999999999961       0.18637683550121378     
   15.499999999999961       0.25945529810755025     
   15.599999999999961       0.34399619897675465     
   15.699999999999960       0.43966145904625104     
   15.799999999999960       0.54606851294102154     
   15.899999999999959       0.66279183885254078     
   15.999999999999959       0.78936466020048868     
   16.099999999999959       0.92528081227229486     
   16.199999999999960        1.0699967663758243     
   16.299999999999962        1.2229338034106165     
   16.399999999999963        1.3834803281655697     
   16.499999999999964        1.5509943150881891     
   16.599999999999966        1.7248058757447702     
   16.699999999999967        1.9042199377042484     
   16.799999999999969        2.0885190241328471     
   16.899999999999970        2.2769661229839389     
   16.999999999999972        2.4688076343092176     
   17.099999999999973        2.6632763839048939     
   17.199999999999974        2.8595946912413353     
   17.299999999999976        3.0569774794075020     
   17.399999999999977        3.2546354146335181     
   17.499999999999979        3.4517780628364148     
   17.599999999999980        3.6476170505660281     
   17.699999999999982        3.8413692177104282     
   17.799999999999983        4.0322597493532033     
   17.899999999999984        4.2195252742583174     
   17.999999999999986        4.4024169175916699     
   18.099999999999987        4.5802032956715744     
   18.199999999999989        4.7521734407720881     
   18.299999999999990        4.9176396442829544     
   18.399999999999991        5.0759402068563340     
   18.499999999999993        5.2264420845424935     
   18.599999999999994        5.3685434203325695     
   18.699999999999996        5.5016759509847351     
   18.799999999999997        5.6253072795089132     
   18.899999999999999        5.7389430042223326     
   19.000000000000000        5.8421286958618683     
   19.100000000000001        5.9344517148466522     
   19.200000000000003        6.0155428614237660     
   19.300000000000004        6.0850778520980437     
   19.400000000000006        6.1427786164417819     
   19.500000000000007        6.1884144090983702     
   19.600000000000009        6.2218027325329732     
   19.700000000000010        6.2428100668401774     
   19.800000000000011        6.2513524036900892     
   19.900000000000013        6.2473955822776430     
   20.000000000000014        6.2309554259316693     
   20.100000000000016        6.2020976788373918     
   20.200000000000017        6.1609377431254453     
   20.300000000000018        6.1076402173787399     
   20.400000000000020        6.0424182384027363     
   20.500000000000021        5.9655326288913617     
   20.600000000000023        5.8772908543970495     
   20.700000000000024        5.7780457937760046     
   20.800000000000026        5.6681943280256490     
   20.900000000000027        5.5481757531575182     
   21.000000000000028        5.4184700234525112     
   21.100000000000030        5.2795958321237180     
   21.200000000000031        5.1321085370622601     
   21.300000000000033        4.9765979399610911     
   21.400000000000034        4.8136859276980175     
   21.500000000000036        4.6440239854100804     
   21.600000000000037        4.4682905912044886     
   21.700000000000038        4.2871885029246695     
   21.800000000000040        4.1014419478216553     
   21.900000000000041        3.9117937263693014     
   22.000000000000043        3.7190022418051969     
   22.100000000000044        3.5238384672761134     
   22.200000000000045        3.3270828627163938     
   22.300000000000047        3.1295222537886702     
   22.400000000000048        2.9319466853680458     
   22.500000000000050        2.7351462621526355     
   22.600000000000051        2.5399079890348761     
   22.700000000000053        2.3470126238689661     
   22.800000000000054        2.1572315552202039     
   22.900000000000055        1.9713237175821168     
   23.000000000000057        1.7900325563974184     
   23.100000000000058        1.6140830550196865     
   23.200000000000060        1.4441788355049310     
   23.300000000000061        1.2809993448269910     
   23.400000000000063        1.1251971377690879     
   23.500000000000064       0.97739526735724669     
   23.600000000000065       0.83818479327124373     
   23.700000000000067       0.70812241819694899     
   23.800000000000068       0.58772826157228464     
   23.900000000000070       0.47748377962959271     
   24.000000000000071       0.37782984005216191     
   24.100000000000072       0.28916495894436267     
   24.200000000000074       0.21184370716574488     
   24.300000000000075       0.14617529240217123     
   24.400000000000077        9.2422322644281296E-002
   24.500000000000078        5.0799756018136862E-002
   24.600000000000080        2.1474041167675907E-002
   24.700000000000081        4.5624516265854167E-003
   24.800000000000082        1.3261684144020915E-004
   24.900000000000084        8.2022517215460788E-003
   25.000000000000085        2.8739085797017484E-002
   25.100000000000087        6.1660992268386609E-002
   25.200000000000088       0.10683631643167449     
   25.300000000000090       0.16408440216555206     
   25.400000000000091       0.23317631437516961     
   25.500000000000092       0.31383575450360096     
   25.600000000000094       0.40574016544977232     
   25.700000000000095       0.50852202147431014     
   25.800000000000097       0.62177029793497207     
   25.900000000000098       0.74503211497419208     
   26.000000000000099       0.87781454858563024     
   26.100000000000101        1.0195866018172746     
   26.200000000000102        1.1697813282282514     
   26.300000000000104        1.3277980991076439     
   26.400000000000105        1.4930050053887045     
   26.500000000000107        1.6647413846532157     
   26.600000000000108        1.8423204631204992     
   26.700000000000109        2.0250321020557638     
   26.800000000000111        2.2121456376149071     
   26.900000000000112        2.4029128027692281     
   27.000000000000114        2.5965707196252756     
   27.100000000000115        2.7923449501735411     
   27.200000000000117        2.9894525932660621     
   27.300000000000118        3.1871054154381127     
   27.400000000000119        3.3845130030538266     
   27.500000000000121        3.5808859231703281     
   27.600000000000122        3.7754388804800709     
   27.700000000000124        3.9673938577067744     
   27.800000000000125        4.1559832268965087     
   27.900000000000126        4.3404528191618814     
   28.000000000000128        4.5200649406034286     
   28.100000000000129        4.6941013223475023     
   28.200000000000131        4.8618659929035095     
   28.300000000000132        5.0226880613538940     
   28.400000000000134        5.1759244002469256     
   28.500000000000135        5.3209622174633679     
   28.600000000000136        5.4572215067721750     
   28.700000000000138        5.5841573672754006     
   28.800000000000139        5.7012621824668912     
   28.900000000000141        5.8080676501906972     
   29.000000000000142        5.9041466553813908     
   29.100000000000144        5.9891149780972128     
   29.200000000000145        6.0626328300156231     
   29.300000000000146        6.1244062132468020     
   29.400000000000148        6.1741880960312070     
   29.500000000000149        6.2117794006195828     
   29.600000000000151        6.2370297993848807     
   29.700000000000152        6.2498383159824398     
   29.800000000000153        6.2501537291543858     
   29.900000000000155        6.2379747775634424     
   30.000000000000156        6.2133501648370224     
   30.100000000000158        6.1763783648014208     
   30.200000000000159        6.1272072276849761     
   30.300000000000161        6.0660333888650202     
   30.400000000000162        5.9931014825229942     
   30.500000000000163        5.9087031633523583     
   30.600000000000165        5.8131759402314769     
   30.700000000000166        5.7069018265256082     
   30.800000000000168        5.5903058124154654     
   30.900000000000169        5.4638541653614716     
   31.000000000000171        5.3280525655001982     
   31.100000000000172        5.1834440834294888     
   31.200000000000173        5.0306070084691452     
   31.300000000000175        4.8701525360819318     
   31.400000000000176        4.7027223237029290     
   31.500000000000178        4.5289859247514377     
   31.600000000000179        4.3496381110868656     
   31.700000000000180        4.1653960946160575     
   31.800000000000182        3.9769966591628783     
   31.900000000000183        3.7851932140697073     
   32.000000000000185        3.5907527813134710     
   32.100000000000186        3.3944529281847622     
   32.200000000000188        3.1970786577962436     
   32.300000000000189        2.9994192698551965     
   32.400000000000190        2.8022652042539993     
   32.500000000000192        2.6064048801009903     
   32.600000000000193        2.4126215428324569     
   32.700000000000195        2.2216901320141367     
   32.800000000000196        2.0343741823578920     
   32.900000000000198        1.8514227703463986     
   33.000000000000199        1.6735675186762895     
   33.100000000000200        1.5015196704989944     
   33.200000000000202        1.3359672451593736     
   33.300000000000203        1.1775722868063601     
   33.400000000000205        1.0269682168784080     
   33.500000000000206       0.88475730105115935     
   33.600000000000207       0.75150824077700695     
   33.700000000000209       0.62775389904798751     
   33.800000000000210       0.51398916947667528     
   33.900000000000212       0.41066899721662575     
   34.000000000000213       0.31820655963670685     
   34.100000000000215       0.23697161402480088     
   34.200000000000216       0.16728901892840975     
   34.300000000000217       0.10943743504532386     
   34.400000000000219        6.3648210859491738E-002
   34.500000000000220        3.0104457478432548E-002
   34.600000000000222        8.9403163719171102E-003
   34.700000000000223        2.4042294023038046E-004
   34.800000000000225        4.0395680572056780E-003
   34.900000000000226        2.0322558941520224E-002
   35.000000000000227        4.9024279912627623E-002
   35.100000000000229        9.0029952788364467E-002
   35.200000000000230       0.14317559588290063     
   35.300000000000232       0.20824867976950112     
   35.400000000000233       0.28498897718570337     
   35.500000000000234       0.37308960368213995     
   35.600000000000236       0.47219824485345169     
   35.700000000000237       0.58191856524359442     
   35.800000000000239       0.70181179329132803     
   35.900000000000240       0.83139847597768946     
   36.000000000000242       0.97016039615861649     
   36.100000000000243        1.1175426449153048     
   36.200000000000244        1.2729558406349768     
   36.300000000000246        1.4357784859479497     
   36.400000000000247        1.6053594530956168     
   36.500000000000249        1.7810205877903547     
   36.600000000000250        1.9620594211545186     
   36.700000000000252        2.1477519788934858     
   36.800000000000253        2.3373556764688583     
   36.900000000000254        2.5301122886940317     
   37.000000000000256        2.7252509818767172     
   37.100000000000257        2.9219913963828779     
   37.200000000000259        3.1195467672949038     
   37.300000000000260        3.3171270706845171     
   37.400000000000261        3.5139421829184636     
   37.500000000000263        3.7092050403629182     
   37.600000000000264        3.9021347868509619     
   37.700000000000266        4.0919598963263901     
   37.800000000000267        4.2779212581764083     
   37.900000000000269        4.4592752129149789     
   38.000000000000270        4.6352965260771022     
   38.100000000000271        4.8052812884314413     
   38.200000000000273        4.9685497309133462     
   38.300000000000274        5.1244489430213269     
   38.400000000000276        5.2723554838061641     
   38.500000000000277        5.4116778750112635     
   38.600000000000279        5.5418589663941926     
   38.700000000000280        5.6623781637705104     
   38.800000000000281        5.7727535108699080     
   38.900000000000283        5.8725436166793408     
   39.000000000000284        5.9613494205656714     
   39.100000000000286        6.0388157881191606     
   39.200000000000287        6.1046329313359617     
   39.300000000000288        6.1585376474603484     
   39.400000000000290        6.2003143715325422     
   39.500000000000291        6.2297960384329762     
   39.600000000000293        6.2468647509757176     
   39.700000000000294        6.2514522513793054     
   39.800000000000296        6.2435401942296282     
   39.900000000000297        6.2231602198432272     
   40.000000000000298        6.1903938277376733     
   40.100000000000300        6.1453720507149967     
   40.200000000000301        6.0882749308615107     
   40.300000000000303        6.0193307995595093     
   40.400000000000304        5.9388153643900692     
   40.500000000000306        5.8470506065784331     
   40.600000000000307        5.7444034933910899     
   40.700000000000308        5.6312845106336775     
   40.800000000000310        5.5081460211182396     
   40.900000000000311        5.3754804556643485     
   41.000000000000313        5.2338183438682560     
   41.100000000000314        5.0837261925150363     
   41.200000000000315        4.9258042201179473     
   41.300000000000317        4.7606839566446064     
   41.400000000000318        4.5890257180286458     
   41.500000000000320        4.4115159655662879     
   41.600000000000321        4.2288645607576303     
   41.700000000000323        4.0418019265705043     
   41.800000000000324        3.8510761264790214     
   41.900000000000325        3.6574498729577494     
   42.000000000000327        3.4616974773945195     
   42.100000000000328        3.2646017536191878     
   42.200000000000330        3.0669508874311333     
   42.300000000000331        2.8695352846442423     
   42.400000000000333        2.6731444102540589     
   42.500000000000334        2.4785636313672694     
   42.600000000000335        2.2865710765186424     
   42.700000000000337        2.0979345239350171     
   42.800000000000338        1.9134083311901753     
   42.900000000000340        1.7337304185289049     
   43.000000000000341        1.5596193179239368     
   43.100000000000342        1.3917712996665905     
   43.200000000000344        1.2308575879818782     
   43.300000000000345        1.0775216768028264     
   43.400000000000347       0.93237675643823981     
   43.500000000000348       0.79600326142465694     
   43.600000000000350       0.66894654936863684     
   43.700000000000351       0.55171472006169153     
   43.800000000000352       0.44477658358921962     
   43.900000000000354       0.34855978555897438     
   44.000000000000355       0.26344909694627888     
   44.100000000000357       0.18978487539489519     
   44.200000000000358       0.12786170412680742     
   44.300000000000360        7.7927213903916520E-002
   44.400000000000361        4.0181092752623902E-002
   44.500000000000362        1.4774287411413557E-002
   44.600000000000364        1.8083996948449939E-003
   44.700000000000365        1.3352801878967675E-003
   44.800000000000367        1.3356820895477167E-002
   44.900000000000368        3.7824947676296572E-002
   45.000000000000369        7.4641812491358470E-002
   45.100000000000371       0.12366018469826745     
   45.200000000000372       0.18468403982656811     
   45.300000000000374       0.25746934347960232     
   45.400000000000375       0.34172502722806170     
   45.500000000000377       0.43711415259263608     
   45.600000000000378       0.54325525846099254     
   45.700000000000379       0.65972388655076342     
   45.800000000000381       0.78605427881821766     
   45.900000000000382       0.92174124002467805     
   46.000000000000384        1.0662421580122801     
   46.100000000000385        1.2189791736099906     
   46.200000000000387        1.3793414914924353     
   46.300000000000388        1.5466878227504017     
   46.400000000000389        1.7203489494051887     
   46.500000000000391        1.8996304006113043     
   46.600000000000392        2.0838152298453756     
   46.700000000000394        2.2721668819752954     
   46.800000000000395        2.4639321387441955     
   46.900000000000396        2.6583441308902582     
   47.000000000000398        2.8546254048568906     
   47.100000000000399        3.0519910318295005     
   47.200000000000401        3.2496517466658239     
   47.300000000000402        3.4468171041672311     
   47.400000000000404        3.6426986400690726     
   47.500000000000405        3.8365130241092782     
   47.600000000000406        4.0274851925660711     
   47.700000000000408        4.2148514477377930     
   47.800000000000409        4.3978625119700121     
   47.900000000000411        4.5757865240168627     
   48.000000000000412        4.7479119657541693     
   48.100000000000414        4.9135505075404255     
   48.200000000000415        5.0720397608470265     
   48.300000000000416        5.2227459271500010     
   48.400000000000418        5.3650663324903025     
   48.500000000000419        5.4984318375669750     
   48.600000000000421        5.6223091137252181     
   48.700000000000422        5.7362027757376746     
   48.800000000000423        5.8396573628499544     
   48.900000000000425        5.9322591601681962     
   49.000000000000426        6.0136378531049282     
   49.100000000000428        6.0834680082670918     
   49.200000000000429        6.1414703748641957     
   49.300000000000431        6.1874130014322182     
   49.400000000000432        6.2211121634075131     
   49.500000000000433        6.2424330978413414     
   49.600000000000435        6.2512905423169007     
   49.700000000000436        6.2476490759137366     
   49.800000000000438        6.2315232608559938     
   49.900000000000439        6.2029775842780870     
