   5.0000000000000003E-002 -0.52493593750001288     
  0.10000000000000001      -0.54974064101563691     
  0.15000000000000002      -0.57440790937100417     
  0.20000000000000001      -0.59893157574903100     
  0.25000000000000000      -0.62330550923312522     
  0.29999999999999999      -0.64752361633990674     
  0.34999999999999998      -0.67157984254260228     
  0.39999999999999997      -0.69546817378466130     
  0.44999999999999996      -0.71918263798327331     
  0.49999999999999994      -0.74271730652239576     
  0.54999999999999993      -0.76606629573488405     
  0.59999999999999998      -0.78922376837343933     
  0.65000000000000002      -0.81218393506990338     
  0.70000000000000007      -0.83494105578259870     
  0.75000000000000011      -0.85748944123134940     
  0.80000000000000016      -0.87982345431979248     
  0.85000000000000020      -0.90193751154465929     
  0.90000000000000024      -0.92382608439163683     
  0.95000000000000029      -0.94548370071751542     
   1.0000000000000002      -0.96690494611821443     
   1.0500000000000003      -0.98808446528238392     
   1.1000000000000003       -1.0090169633302359     
   1.1500000000000004       -1.0296972071372501     
   1.2000000000000004       -1.0501200266424782     
   1.2500000000000004       -1.0702803161410479     
   1.3000000000000005       -1.0901730355605821     
   1.3500000000000005       -1.1097932117212261     
   1.4000000000000006       -1.1291359395789380     
   1.4500000000000006       -1.1481963834517561     
   1.5000000000000007       -1.1669697782287125     
   1.5500000000000007       -1.1854514305611108     
   1.6000000000000008       -1.2036367200358677     
   1.6500000000000008       -1.2215211003306159     
   1.7000000000000008       -1.2391001003502833     
   1.7500000000000009       -1.2563693253448660     
   1.8000000000000009       -1.2733244580081138     
   1.8500000000000010       -1.2899612595568577     
   1.9000000000000010       -1.3062755707907092     
   1.9500000000000011       -1.3222633131318640     
   2.0000000000000009       -1.3379204896447394     
   2.0500000000000007       -1.3532431860352023     
   2.1000000000000005       -1.3682275716291548     
   2.1500000000000004       -1.3828699003301992     
   2.2000000000000002       -1.3971665115561605     
   2.2500000000000000       -1.4111138311542337     
   2.2999999999999998       -1.4247083722945186     
   2.3499999999999996       -1.4379467363417309     
   2.3999999999999995       -1.4508256137048559     
   2.4499999999999993       -1.4633417846645536     
   2.4999999999999991       -1.4754921201780880     
   2.5499999999999989       -1.4872735826615768     
   2.5999999999999988       -1.4986832267493977     
   2.6499999999999986       -1.5097182000305320     
   2.6999999999999984       -1.5203757437616616     
   2.7499999999999982       -1.5306531935568501     
   2.7999999999999980       -1.5405479800536481     
   2.8499999999999979       -1.5500576295554347     
   2.8999999999999977       -1.5591797646498318     
   2.9499999999999975       -1.5679121048030664     
   2.9999999999999973       -1.5762524669301015     
   3.0499999999999972       -1.5841987659404033     
   3.0999999999999970       -1.5917490152592184     
   3.1499999999999968       -1.5989013273242181     
   3.1999999999999966       -1.6056539140573878     
   3.2499999999999964       -1.6120050873120428     
   3.2999999999999963       -1.6179532592948709     
   3.3499999999999961       -1.6234969429628754     
   3.3999999999999959       -1.6286347523951383     
   3.4499999999999957       -1.6333654031393030     
   3.4999999999999956       -1.6376877125326827     
   3.5499999999999954       -1.6416005999979288     
   3.5999999999999952       -1.6451030873131756     
   3.6499999999999950       -1.6481942988565945     
   3.6999999999999948       -1.6508734618252989     
   3.7499999999999947       -1.6531399064285472     
   3.7999999999999945       -1.6549930660551886     
   3.8499999999999943       -1.6564324774153161     
   3.8999999999999941       -1.6574577806560897     
   3.9499999999999940       -1.6580687194516990     
   3.9999999999999938       -1.6582651410674454     
   4.0499999999999936       -1.6580469963979250     
   4.0999999999999934       -1.6574143399793051     
   4.1499999999999932       -1.6563673299756903     
   4.1999999999999931       -1.6549062281395814     
   4.2499999999999929       -1.6530313997464379     
   4.2999999999999927       -1.6507433135033571     
   4.3499999999999925       -1.6480425414319011     
   4.3999999999999924       -1.6449297587250877     
   4.4499999999999922       -1.6414057435785923     
   4.4999999999999920       -1.6374713769962024     
   4.5499999999999918       -1.6331276425695640     
   4.5999999999999917       -1.6283756262322835     
   4.6499999999999915       -1.6232165159884437     
   4.6999999999999913       -1.6176516016156062     
   4.7499999999999911       -1.6116822743423653     
   4.7999999999999909       -1.6053100265005393     
   4.8499999999999908       -1.5985364511520883     
   4.8999999999999906       -1.5913632416908485     
   4.9499999999999904       -1.5837921914191866     
   4.9999999999999902       -1.5758251930996714     
   5.0499999999999901       -1.5674642384818815     
   5.0999999999999899       -1.5587114178044703     
   5.1499999999999897       -1.5495689192726081     
   5.1999999999999895       -1.5400390285109267     
   5.2499999999999893       -1.5301241279921163     
   5.2999999999999892       -1.5198266964413110     
   5.3499999999999890       -1.5091493082163954     
   5.3999999999999888       -1.4980946326644240     
   5.4499999999999886       -1.4866654334542861     
   5.4999999999999885       -1.4748645678857830     
   5.5499999999999883       -1.4626949861753102     
   5.5999999999999881       -1.4501597307182967     
   5.6499999999999879       -1.4372619353286042     
   5.6999999999999877       -1.4240048244550785     
   5.7499999999999876       -1.4103917123754384     
   5.7999999999999874       -1.3964260023677033     
   5.8499999999999872       -1.3821111858593760     
   5.8999999999999870       -1.3674508415545850     
   5.9499999999999869       -1.3524486345394049     
   5.9999999999999867       -1.3371083153655894     
   6.0499999999999865       -1.3214337191129344     
   6.0999999999999863       -1.3054287644305029     
   6.1499999999999861       -1.2890974525569598     
   6.1999999999999860       -1.2724438663202742     
   6.2499999999999858       -1.2554721691170112     
   6.2999999999999856       -1.2381866038714717     
   6.3499999999999854       -1.2205914919749628     
   6.3999999999999853       -1.2026912322054573     
   6.4499999999999851       -1.1844902996279005     
   6.4999999999999849       -1.1659932444754384     
   6.5499999999999847       -1.1472046910118561     
   6.5999999999999845       -1.1281293363755207     
   6.6499999999999844       -1.1087719494050940     
   6.6999999999999842       -1.0891373694473172     
   6.7499999999999840       -1.0692305051471740     
   6.7999999999999838       -1.0490563332207437     
   6.8499999999999837       -1.0286198972110139     
   6.8999999999999835       -1.0079263062269828     
   6.9499999999999833      -0.98698073366639605     
   6.9999999999999831      -0.96578841592238618     
   7.0499999999999829      -0.94435465107439498     
   7.0999999999999828      -0.92268479756364208     
   7.1499999999999826      -0.90078427285349427     
   7.1999999999999824      -0.87865855207512666     
   7.2499999999999822      -0.85631316665874202     
   7.2999999999999821      -0.83375370295069473     
   7.3499999999999819      -0.81098580081691019     
   7.3999999999999817      -0.78801515223291929     
   7.4499999999999815      -0.76484749986087230     
   7.4999999999999813      -0.74148863561386058     
   7.5499999999999812      -0.71794439920794595     
   7.5999999999999810      -0.69422067670223520     
   7.6499999999999808      -0.67032339902734606     
   7.6999999999999806      -0.64625854050269993     
   7.7499999999999805      -0.62203211734292552     
   7.7999999999999803      -0.59765018615380860     
   7.8499999999999801      -0.57311884241815214     
   7.8999999999999799      -0.54844421897189299     
   7.9499999999999797      -0.52363248447089283     
   7.9999999999999796      -0.49868984184877618     
   8.0499999999999794      -0.47362252676619754     
   8.0999999999999801      -0.44843680605192837     
   8.1499999999999808      -0.42313897613614593     
   8.1999999999999815      -0.39773536147633237     
   8.2499999999999822      -0.37223231297614845     
   8.2999999999999829      -0.34663620639771686     
   8.3499999999999837      -0.32095344076768839     
   8.3999999999999844      -0.29519043677747270     
   8.4499999999999851      -0.26935363517806010     
   8.4999999999999858      -0.24344949516985182     
   8.5499999999999865      -0.21748449278785387     
   8.5999999999999872      -0.19146511928265220     
   8.6499999999999879      -0.16539787949763074     
   8.6999999999999886      -0.13928929024274339     
   8.7499999999999893      -0.11314587866529280     
   8.7999999999999901       -8.6974180618168973E-002
   8.8499999999999908       -6.0780739025894093E-002
   8.8999999999999915       -3.4572102248864311E-002
   8.9499999999999922       -8.3548224462681731E-003
   8.9999999999999929        1.7864546061936437E-002
   9.0499999999999936        4.4079448433622659E-002
   9.0999999999999943        7.0283330943201605E-002
   9.1499999999999950        9.6469642620045093E-002
   9.1999999999999957       0.12263183688623336     
   9.2499999999999964       0.14876337319320143     
   9.2999999999999972       0.17485771865687560     
   9.3499999999999979       0.20090834969088256     
   9.3999999999999986       0.22690875363746699     
   9.4499999999999993       0.25285243039564698     
   9.5000000000000000       0.27873289404622525     
   9.5500000000000007       0.30454367447329211     
   9.6000000000000014       0.33027831898174043     
   9.6500000000000021       0.35593039391043746     
   9.7000000000000028       0.38149348624065382     
   9.7500000000000036       0.40696120519931434     
   9.8000000000000043       0.43232718385668001     
   9.8500000000000050       0.45758508071807924     
   9.9000000000000057       0.48272858130929741     
   9.9500000000000064       0.50775139975518968     
   10.000000000000007       0.53264728035114395     
   10.050000000000008       0.55740999912701206     
   10.100000000000009       0.58203336540310069     
   10.150000000000009       0.60651122333784002     
   10.200000000000010       0.63083745346673936     
   10.250000000000011       0.65500597423226559     
   10.300000000000011       0.67901074350423585     
   10.350000000000012       0.70284576009033373     
   10.400000000000013       0.72650506523641134     
   10.450000000000014       0.74998274411617771     
   10.500000000000014       0.77327292730990926     
   10.550000000000015       0.79636979227181826     
   10.600000000000016       0.81926756478566176     
   10.650000000000016       0.84196052040830693     
   10.700000000000017       0.86444298590085289     
   10.750000000000018       0.88670934064691842     
   10.800000000000018       0.90875401805782019     
   10.850000000000019       0.93057150696421509     
   10.900000000000020       0.95215635299386925     
   10.950000000000021       0.97350315993526948     
   11.000000000000021       0.99460659108668636     
   11.050000000000022        1.0154613705903337     
   11.100000000000023        1.0360622847513312     
   11.150000000000023        1.0564041833411419     
   11.200000000000024        1.0764819808851200     
   11.250000000000025        1.0962906579338760     
   11.300000000000026        1.1158252623181486     
   11.350000000000026        1.1350809103868409     
   11.400000000000027        1.1540527882279328     
   11.450000000000028        1.1727361528719671     
   11.500000000000028        1.1911263334777855     
   11.550000000000029        1.2092187325002346     
   11.600000000000030        1.2270088268395574     
   11.650000000000031        1.2444921689721689     
   11.700000000000031        1.2616643880625400     
   11.750000000000032        1.2785211910558969     
   11.800000000000033        1.2950583637514868     
   11.850000000000033        1.3112717718561395     
   11.900000000000034        1.3271573620178279     
   11.950000000000035        1.3427111628390120     
   12.000000000000036        1.3579292858694902     
   12.050000000000036        1.3728079265785009     
   12.100000000000037        1.3873433653058642     
   12.150000000000038        1.4015319681919003     
   12.200000000000038        1.4153701880858893     
   12.250000000000039        1.4288545654328555     
   12.300000000000040        1.4419817291384618     
   12.350000000000041        1.4547483974117847     
   12.400000000000041        1.4671513785857559     
   12.450000000000042        1.4791875719150793     
   12.500000000000043        1.4908539683514244     
   12.550000000000043        1.5021476512956822     
   12.600000000000044        1.5130657973271155     
   12.650000000000045        1.5236056769092188     
   12.700000000000045        1.5337646550720963     
   12.750000000000046        1.5435401920712044     
   12.800000000000047        1.5529298440222949     
   12.850000000000048        1.5619312635123794     
   12.900000000000048        1.5705422001865843     
   12.950000000000049        1.5787605013107431     
   13.000000000000050        1.5865841123095747     
   13.050000000000050        1.5940110772803284     
   13.100000000000051        1.6010395394817611     
   13.150000000000052        1.6076677417983243     
   13.200000000000053        1.6138940271794389     
   13.250000000000053        1.6197168390537575     
   13.300000000000054        1.6251347217183121     
   13.350000000000055        1.6301463207024380     
   13.400000000000055        1.6347503831063892     
   13.450000000000056        1.6389457579145639     
   13.500000000000057        1.6427313962832590     
   13.550000000000058        1.6461063518028829     
   13.600000000000058        1.6490697807345567     
   13.650000000000059        1.6516209422210471     
   13.700000000000060        1.6537591984719817     
   13.750000000000060        1.6554840149232988     
   13.800000000000061        1.6567949603708849     
   13.850000000000062        1.6576917070783785     
   13.900000000000063        1.6581740308591024     
   13.950000000000063        1.6582418111321118     
   14.000000000000064        1.6578950309523381     
   14.050000000000065        1.6571337770148258     
   14.100000000000065        1.6559582396330603     
   14.150000000000066        1.6543687126913869     
   14.200000000000067        1.6523655935715398     
   14.250000000000068        1.6499493830532996     
   14.300000000000068        1.6471206851892972     
   14.350000000000069        1.6438802071539971     
   14.400000000000070        1.6402287590669085     
   14.450000000000070        1.6361672537900540     
   14.500000000000071        1.6316967066997523     
   14.550000000000072        1.6268182354327743     
   14.600000000000072        1.6215330596069366     
   14.650000000000073        1.6158425005161980     
   14.700000000000074        1.6097479808003312     
   14.750000000000075        1.6032510240892650     
   14.800000000000075        1.5963532546221759     
   14.850000000000076        1.5890563968414306     
   14.900000000000077        1.5813622749614753     
   14.950000000000077        1.5732728125127804     
   15.000000000000078        1.5647900318609564     
   15.050000000000079        1.5559160537011674     
   15.100000000000080        1.5466530965279546     
   15.150000000000080        1.5370034760806073     
   15.200000000000081        1.5269696047642367     
   15.250000000000082        1.5165539910466785     
   15.300000000000082        1.5057592388313612     
   15.350000000000083        1.4945880468063333     
   15.400000000000084        1.4830432077696054     
   15.450000000000085        1.4711276079309377     
   15.500000000000085        1.4588442261902834     
   15.550000000000086        1.4461961333930784     
   15.600000000000087        1.4331864915625259     
   15.650000000000087        1.4198185531090823     
   15.700000000000088        1.4060956600173613     
   15.750000000000089        1.3920212430106371     
   15.800000000000090        1.3775988206931622     
   15.850000000000090        1.3628319986705151     
   15.900000000000091        1.3477244686482015     
   15.950000000000092        1.3322800075087260     
   16.000000000000092        1.3165024763673738     
   16.050000000000093        1.3003958196069298     
   16.100000000000094        1.2839640638915828     
   16.150000000000095        1.2672113171602639     
   16.200000000000095        1.2501417675996551     
   16.250000000000096        1.2327596825971465     
   16.300000000000097        1.2150694076739876     
   16.350000000000097        1.1970753653989075     
   16.400000000000098        1.1787820542824790     
   16.450000000000099        1.1601940476524808     
   16.500000000000099        1.1413159925105676     
   16.550000000000100        1.1221526083705280     
   16.600000000000101        1.1027086860783974     
   16.650000000000102        1.0829890866147407     
   16.700000000000102        1.0629987398794372     
   16.750000000000103        1.0427426434591691     
   16.800000000000104        1.0222258613780255     
   16.850000000000104        1.0014535228315413     
   16.900000000000105       0.98043082090435441     
   16.950000000000106       0.95916301127194181     
   17.000000000000107       0.93765541088671078     
   17.050000000000107       0.91591339664875093     
   17.100000000000108       0.89394240406162950     
   17.150000000000109       0.87174792587349614     
   17.200000000000109       0.84933551070388802     
   17.250000000000110       0.82671076165659940     
   17.300000000000111       0.80387933491889996     
   17.350000000000112       0.78084693834747476     
   17.400000000000112       0.75761933004145909     
   17.450000000000113       0.73420231690293214     
   17.500000000000114       0.71060175318518048     
   17.550000000000114       0.68682353902913107     
   17.600000000000115       0.66287361898832664     
   17.650000000000116       0.63875798054278121     
   17.700000000000117       0.61448265260209745     
   17.750000000000117       0.59005370399826340     
   17.800000000000118       0.56547724196843063     
   17.850000000000119       0.54075941062809996     
   17.900000000000119       0.51590638943511458     
   17.950000000000120       0.49092439164477142     
   18.000000000000121       0.46581966275652142     
   18.050000000000122       0.44059847895258741     
   18.100000000000122       0.41526714552890809     
   18.150000000000123       0.38983199531884338     
   18.200000000000124       0.36429938710995202     
   18.250000000000124       0.33867570405428538     
   18.300000000000125       0.31296735207260618     
   18.350000000000126       0.28718075825290512     
   18.400000000000126       0.26132236924364172     
   18.450000000000127       0.23539864964206458     
   18.500000000000128       0.20941608037807313     
   18.550000000000129       0.18338115709399361     
   18.600000000000129       0.15730038852064254     
   18.650000000000130       0.13118029485015725     
   18.700000000000131       0.10502740610595751     
   18.750000000000131        7.8848260510229196E-002
   18.800000000000132        5.2649402849374027E-002
   18.850000000000133        2.6437382837807277E-002
   18.900000000000134        2.1875348052979859E-004
   18.950000000000134       -2.5999930565117069E-002
   19.000000000000135       -5.2212114628122919E-002
   19.050000000000136       -7.8411245662470819E-002
   19.100000000000136      -0.10459077388540017     
   19.150000000000137      -0.13074415441486131     
   19.200000000000138      -0.15686484890571784     
   19.250000000000139      -0.18294632718434123     
   19.300000000000139      -0.20898206888117166     
   19.350000000000140      -0.23496556506078292     
   19.400000000000141      -0.26089031984912303     
   19.450000000000141      -0.28674985205750403     
   19.500000000000142      -0.31253769680287036     
   19.550000000000143      -0.33824740712403489     
   19.600000000000144      -0.36387255559342080     
   19.650000000000144      -0.38940673592390951     
   19.700000000000145      -0.41484356457042182     
   19.750000000000146      -0.44017668232578799     
   19.800000000000146      -0.46539975591056937     
   19.850000000000147      -0.49050647955637849     
   19.900000000000148      -0.51549057658229813     
   19.950000000000149      -0.54034580096407048     
