   5.0000000000000003E-002   4.9475064062499987     
  0.10000000000000001        4.9194009358984356     
  0.15000000000000002        4.8900656153128983     
  0.20000000000000001        4.8595077783235325     
  0.25000000000000000        4.8277350643895858     
  0.29999999999999999        4.7947554166895419     
  0.34999999999999998        4.7605770801353255     
  0.39999999999999997        4.7252085993110757     
  0.44999999999999996        4.6886588163369982     
  0.49999999999999994        4.6509368686588362     
  0.54999999999999993        4.6120521867635098     
  0.59999999999999998        4.5720144918214922     
  0.65000000000000002        4.5308337932565195     
  0.70000000000000007        4.4885203862432324     
  0.75000000000000011        4.4450848491333845     
  0.80000000000000016        4.4005380408112531     
  0.85000000000000020        4.3548910979789186     
  0.90000000000000024        4.3081554323720894     
  0.95000000000000029        4.2603427279071671     
   1.0000000000000002        4.2114649377602680     
   1.0500000000000003        4.1615342813789287     
   1.1000000000000003        4.1105632414272444     
   1.1500000000000004        4.0585645606652037     
   1.2000000000000004        4.0055512387629966     
   1.2500000000000004        3.9515365290510989     
   1.3000000000000005        3.8965339352069384     
   1.3500000000000005        3.8405572078789763     
   1.4000000000000006        3.7836203412490446     
   1.4500000000000006        3.7257375695338006     
   1.5000000000000007        3.6669233634261733     
   1.5500000000000007        3.6071924264776896     
   1.6000000000000008        3.5465596914225865     
   1.6500000000000008        3.4850403164446280     
   1.7000000000000008        3.4226496813875582     
   1.7500000000000009        3.3594033839101414     
   1.8000000000000009        3.2953172355867468     
   1.8500000000000010        3.2304072579544556     
   1.9000000000000010        3.1646896785076759     
   1.9500000000000011        3.0981809266412692     
   2.0000000000000009        3.0308976295432020     
   2.0500000000000007        2.9628566080377490     
   2.1000000000000005        2.8940748723802865     
   2.1500000000000004        2.8245696180047291     
   2.2000000000000002        2.7543582212246704     
   2.2500000000000000        2.6834582348893057     
   2.2999999999999998        2.6118873839952186     
   2.3499999999999996        2.5396635612551326     
   2.3999999999999995        2.4668048226247330     
   2.4499999999999993        2.3933293827886772     
   2.4999999999999991        2.3192556106069242     
   2.5499999999999989        2.2446020245225196     
   2.5999999999999988        2.1693872879319844     
   2.6499999999999986        2.0936302045194664     
   2.6999999999999984        2.0173497135558183     
   2.7499999999999982        1.9405648851637813     
   2.7999999999999980        1.8632949155504535     
   2.8499999999999979        1.7855591222082379     
   2.8999999999999977        1.7073769390854703     
   2.9499999999999975        1.6287679117279312     
   2.9999999999999973        1.5497516923924601     
   3.0499999999999972        1.4703480351338909     
   3.0999999999999970        1.3905767908665383     
   3.1499999999999968        1.3104579024014691     
   3.1999999999999966        1.2300113994607995     
   3.2499999999999964        1.1492573936702648     
   3.2999999999999963        1.0682160735313124     
   3.3499999999999961       0.98690769937397727     
   3.3999999999999959       0.90535259829179859     
   3.4499999999999957       0.82357115906004696     
   3.4999999999999956       0.74158382703853032     
   3.5499999999999954       0.65941109906025408     
   3.5999999999999952       0.57707351830721276     
   3.6499999999999950       0.49459166917459463     
   3.6999999999999948       0.41198617212468286     
   3.7499999999999947       0.32927767853173989     
   3.7999999999999945       0.24648686551916399     
   3.8499999999999943       0.16363443079020829     
   3.8999999999999941        8.0741087453555030E-002
   3.9499999999999940       -2.1724411549616141E-003
   3.9999999999999938       -8.5085426653189522E-002
   4.0499999999999936      -0.16797714079475412     
   4.0999999999999934      -0.25082686065112003     
   4.1499999999999932      -0.33361387379232316     
   4.1999999999999931      -0.41631748346507819     
   4.2499999999999929      -0.49891701376696695     
   4.2999999999999927      -0.58139181481541391     
   4.3499999999999925      -0.66372126791015706     
   4.3999999999999924      -0.74588479068792268     
   4.4499999999999922      -0.82786184226801629     
   4.4999999999999920      -0.90963192838754292     
   4.5499999999999918      -0.99117460652497269     
   4.5999999999999917       -1.0724694910107713     
   4.6499999999999915       -1.1534962581238171     
   4.6999999999999913       -1.2342346511723319     
   4.7499999999999911       -1.3146644855580536     
   4.7999999999999909       -1.3947656538223858     
   4.8499999999999908       -1.4745181306732624     
   4.8999999999999906       -1.5539019779914707     
   4.9499999999999904       -1.6328973498151811     
   4.9999999999999902       -1.7114844973014378     
   5.0499999999999901       -1.7896437736633692     
   5.0999999999999899       -1.8673556390818848     
   5.1499999999999897       -1.9446006655906301     
   5.1999999999999895       -2.0213595419329775     
   5.2499999999999893       -2.0976130783898417     
   5.2999999999999892       -2.1733422115771086     
   5.3499999999999890       -2.2485280092114812     
   5.3999999999999888       -2.3231516748435510     
   5.4499999999999886       -2.3971945525569098     
   5.4999999999999885       -2.4706381316321293     
   5.5499999999999883       -2.5434640511744409     
   5.5999999999999881       -2.6156541047039590     
   5.6499999999999879       -2.6871902447073013     
   5.6999999999999877       -2.7580545871494668     
   5.7499999999999876       -2.8282294159448451     
   5.7999999999999874       -2.8976971873862372     
   5.8499999999999872       -2.9664405345307827     
   5.8999999999999870       -3.0344422715416957     
   5.9499999999999869       -3.1016853979847232     
   5.9999999999999867       -3.1681531030782546     
   6.0499999999999865       -3.2338287698960166     
   6.0999999999999863       -3.2986959795213049     
   6.1499999999999861       -3.3627385151517126     
   6.1999999999999860       -3.4259403661533323     
   6.2499999999999858       -3.4882857320634137     
   6.2999999999999856       -3.5497590265404795     
   6.3499999999999854       -3.6103448812609100     
   6.3999999999999853       -3.6700281497610252     
   6.4499999999999851       -3.7287939112237001     
   6.4999999999999849       -3.7866274742085690     
   6.5499999999999847       -3.8435143803248857     
   6.5999999999999845       -3.8994404078461211     
   6.6499999999999844       -3.9543915752653951     
   6.6999999999999842       -4.0083541447908528     
   6.7499999999999840       -4.0613146257801125     
   6.7999999999999838       -4.1132597781129272     
   6.8499999999999837       -4.1641766155012139     
   6.8999999999999835       -4.2140524087356255     
   6.9499999999999833       -4.2628746888678535     
   6.9999999999999831       -4.3106312503278641     
   7.0499999999999829       -4.3573101539752930     
   7.0999999999999828       -4.4028997300842283     
   7.1499999999999826       -4.4473885812606424     
   7.1999999999999824       -4.4907655852917410     
   7.2499999999999822       -4.5330198979265166     
   7.2999999999999821       -4.5741409555868104     
   7.3499999999999819       -4.6141184780082076     
   7.3999999999999817       -4.6529424708101024     
   7.4499999999999815       -4.6906032279942949     
   7.4999999999999813       -4.7270913343714884     
   7.5499999999999812       -4.7623976679150894     
   7.5999999999999810       -4.7965134020417119     
   7.6499999999999808       -4.8294300078178241     
   7.6999999999999806       -4.8611392560919819     
   7.7499999999999805       -4.8916332195521166     
   7.7999999999999803       -4.9209042747073628     
   7.8499999999999801       -4.9489451037939318     
   7.8999999999999799       -4.9757486966045521     
   7.9499999999999797       -5.0013083522410211     
   7.9999999999999796       -5.0256176807894297     
   8.0499999999999794       -5.0486706049176409     
   8.0999999999999801       -5.0704613613946226     
   8.1499999999999808       -5.0909845025312555     
   8.1999999999999815       -5.1102348975422558     
   8.2499999999999822       -5.1282077338288703     
   8.2999999999999829       -5.1448985181820275     
   8.3499999999999837       -5.1603030779056391     
   8.3999999999999844       -5.1744175618597748     
   8.4499999999999851       -5.1872384414234451     
   8.4999999999999858       -5.1987625113767599     
   8.5499999999999865       -5.2089868907022305     
   8.5999999999999872       -5.2179090233050252     
   8.6499999999999879       -5.2255266786519936     
   8.6999999999999886       -5.2318379523292995     
   8.7499999999999893       -5.2368412665185229     
   8.7999999999999901       -5.2405353703911164     
   8.8499999999999908       -5.2429193404211123     
   8.8999999999999915       -5.2439925806160028     
   8.9499999999999922       -5.2437548226657391     
   8.9999999999999929       -5.2422061260098092     
   9.0499999999999936       -5.2393468778223768     
   9.0999999999999943       -5.2351777929154890     
   9.1499999999999950       -5.2296999135603723     
   9.1999999999999957       -5.2229146092268657     
   9.2499999999999964       -5.2148235762410522     
   9.2999999999999972       -5.2054288373611781     
   9.3499999999999979       -5.1947327412719639     
   9.3999999999999986       -5.1827379619974314     
   9.4499999999999993       -5.1694474982323992     
   9.5000000000000000       -5.1548646725928089     
   9.5500000000000007       -5.1389931307850700     
   9.6000000000000014       -5.1218368406946349     
   9.6500000000000021       -5.1034000913940263     
   9.7000000000000028       -5.0836874920705695     
   9.7500000000000036       -5.0627039708740948     
   9.8000000000000043       -5.0404547736849015     
   9.8500000000000050       -5.0169454628022869     
   9.9000000000000057       -4.9921819155539717     
   9.9500000000000064       -4.9661703228267680     
   10.000000000000007       -4.9389171875188573     
   10.050000000000008       -4.9104293229140668     
   10.100000000000009       -4.8807138509785473     
   10.150000000000009       -4.8497782005802827     
   10.200000000000010       -4.8176301056318733     
   10.250000000000011       -4.7842776031570562     
   10.300000000000011       -4.7497290312814497     
   10.350000000000012       -4.7139930271480228     
   10.400000000000013       -4.6770785247578086     
   10.450000000000014       -4.6389947527364050     
   10.500000000000014       -4.5997512320268177     
   10.550000000000015       -4.5593577735092232     
   10.600000000000016       -4.5178244755482515     
   10.650000000000016       -4.4751617214683925     
   10.700000000000017       -4.4313801769581662     
   10.750000000000018       -4.3864907874037007     
   10.800000000000018       -4.3405047751523842     
   10.850000000000019       -4.2934336367072792     
   10.900000000000020       -4.2452891398529973     
   10.950000000000021       -4.1960833207137522     
   11.000000000000021       -4.1458284807443286     
   11.050000000000022       -4.0945371836547189     
   11.100000000000023       -4.0422222522691955     
   11.150000000000023       -3.9888967653206047     
   11.200000000000024       -3.9345740541806835     
   11.250000000000025       -3.8792676995272171     
   11.300000000000026       -3.8229915279488687     
   11.350000000000026       -3.7657596084885330     
   11.400000000000027       -3.7075862491260754     
   11.450000000000028       -3.6484859932013363     
   11.500000000000028       -3.5884736157782968     
   11.550000000000029       -3.5275641199513128     
   11.600000000000030       -3.4657727330943411     
   11.650000000000031       -3.4031149030540959     
   11.700000000000031       -3.3396062942880871     
   11.750000000000032       -3.2752627839485062     
   11.800000000000033       -3.2101004579129384     
   11.850000000000033       -3.1441356067628923     
   11.900000000000034       -3.0773847217111556     
   11.950000000000035       -3.0098644904789911     
   12.000000000000036       -2.9415917931242066     
   12.050000000000036       -2.8725836978211410     
   12.100000000000037       -2.8028574565936202     
   12.150000000000038       -2.7324305010019510     
   12.200000000000038       -2.6613204377850312     
   12.250000000000039       -2.5895450444586654     
   12.300000000000040       -2.5171222648711851     
   12.350000000000041       -2.4440702047174869     
   12.400000000000041       -2.3704071270126095     
   12.450000000000042       -2.2961514475259790     
   12.500000000000043       -2.2213217301774670     
   12.550000000000043       -2.1459366823964108     
   12.600000000000044       -2.0700151504447555     
   12.650000000000045       -1.9935761147054889     
   12.700000000000045       -1.9166386849375459     
   12.750000000000046       -1.8392220954983685     
   12.800000000000047       -1.7613457005353164     
   12.850000000000048       -1.6830289691471305     
   12.900000000000048       -1.6042914805166579     
   12.950000000000049       -1.5251529190160562     
   13.000000000000050       -1.4456330692857005     
   13.050000000000050       -1.3657518112880234     
   13.100000000000051       -1.2855291153375243     
   13.150000000000052       -1.2049850371081909     
   13.200000000000053       -1.1241397126195805     
   13.250000000000053       -1.0430133532028152     
   13.300000000000054      -0.96162624044774925     
   13.350000000000055      -0.87999872113257138     
   13.400000000000055      -0.79815120213711033     
   13.450000000000056      -0.71610414534111499     
   13.500000000000057      -0.63387806250878442     
   13.550000000000058      -0.55149351016082671     
   13.600000000000058      -0.46897108443532876     
   13.650000000000059      -0.38633141593872200     
   13.700000000000060      -0.30359516458813057     
   13.750000000000060      -0.22078301444639212     
   13.800000000000061      -0.13791566855104206     
   13.850000000000062       -5.5013843738554252E-002
   13.900000000000063        2.7901734534868199E-002
   13.950000000000063       0.11081033737465694     
   14.000000000000064       0.19369123763010201     
   14.050000000000065       0.27652371507613954     
   14.100000000000065       0.35928706159340806     
   14.150000000000066       0.44196058634527824     
   14.200000000000067       0.52452362095056204     
   14.250000000000068       0.60695552465060820     
   14.300000000000068       0.68923568946949176     
   14.350000000000069       0.77134354536600791     
   14.400000000000070       0.85325856537618261     
   14.450000000000070       0.93496027074501331     
   14.500000000000071        1.0164282360461578     
   14.550000000000072        1.0976420942882907     
   14.600000000000072        1.1785815420068515     
   14.650000000000073        1.2592263443399105     
   14.700000000000074        1.3395563400868846     
   14.750000000000075        1.4195514467488370     
   14.800000000000075        1.4991916655491022     
   14.850000000000076        1.5784570864329801     
   14.900000000000077        1.6573278930452497     
   14.950000000000077        1.7357843676842581     
   15.000000000000078        1.8138068962313454     
   15.050000000000079        1.8913759730543749     
   15.100000000000080        1.9684722058841408     
   15.150000000000080        2.0450763206624356     
   15.200000000000081        2.1211691663605645     
   15.250000000000082        2.1967317197671035     
   15.300000000000082        2.2717450902437006     
   15.350000000000083        2.3461905244477368     
   15.400000000000084        2.4200494110206612     
   15.450000000000085        2.4933032852408306     
   15.500000000000085        2.5659338336396895     
   15.550000000000086        2.6379228985801384     
   15.600000000000087        2.7092524827959421     
   15.650000000000087        2.7799047538910466     
   15.700000000000088        2.8498620487976782     
   15.750000000000089        2.9191068781921103     
   15.800000000000090        2.9876219308669945     
   15.850000000000090        3.0553900780591619     
   15.900000000000091        3.1223943777318146     
   15.950000000000092        3.1886180788100345     
   16.000000000000092        3.2540446253685520     
   16.050000000000093        3.3186576607707274     
   16.100000000000094        3.3824410317577103     
   16.150000000000095        3.4453787924867538     
   16.200000000000095        3.5074552085176758     
   16.250000000000096        3.5686547607464685     
   16.300000000000097        3.6289621492850745     
   16.350000000000097        3.6883622972863592     
   16.400000000000098        3.7468403547133224     
   16.450000000000099        3.8043817020516073     
   16.500000000000099        3.8609719539643792     
   16.550000000000100        3.9165969628886601     
   16.600000000000101        3.9712428225722189     
   16.650000000000102        4.0248958715501342     
   16.700000000000102        4.0775426965601627     
   16.750000000000103        4.1291701358960511     
   16.800000000000104        4.1797652826979652     
   16.850000000000104        4.2293154881792052     
   16.900000000000105        4.2778083647884007     
   16.950000000000106        4.3252317893063994     
   17.000000000000107        4.3715739058770717     
   17.050000000000107        4.4168231289712745     
   17.100000000000108        4.4609681462832347     
   17.150000000000109        4.5039979215586241     
   17.200000000000109        4.5459016973536235     
   17.250000000000110        4.5866689977242840     
   17.300000000000111        4.6262896308455135     
   17.350000000000112        4.6647536915590315     
   17.400000000000112        4.7020515638496594     
   17.450000000000113        4.7381739232493247     
   17.500000000000114        4.7731117391681774     
   17.550000000000114        4.8068562771522378     
   17.600000000000115        4.8393991010670101     
   17.650000000000116        4.8707320752065160     
   17.700000000000117        4.9008473663272198     
   17.750000000000117        4.9297374456063423     
   17.800000000000118        4.9573950905240629     
   17.850000000000119        4.9838133866691523     
   17.900000000000119        5.0089857294675744     
   17.950000000000120        5.0329058258336294     
   18.000000000000121        5.0555676957432265     
   18.050000000000122        5.0769656737288882     
   18.100000000000122        5.0970944102961173     
   18.150000000000123        5.1159488732607725     
   18.200000000000124        5.1335243490071125     
   18.250000000000124        5.1498164436662011     
   18.300000000000125        5.1648210842143731     
   18.350000000000126        5.1785345194914916     
   18.400000000000126        5.1909533211387373     
   18.450000000000127        5.2020743844556980     
   18.500000000000128        5.2118949291765446     
   18.550000000000129        5.2204125001650974     
   18.600000000000129        5.2276249680286089     
   18.650000000000130        5.2335305296501131     
   18.700000000000131        5.2381277086392046     
   18.750000000000131        5.2414153557011360     
   18.800000000000132        5.2433926489241420     
   18.850000000000133        5.2440590939849168     
   18.900000000000134        5.2434145242721950     
   18.950000000000134        5.2414591009284051     
   19.000000000000135        5.2381933128093827     
   19.050000000000136        5.2336179763621580     
   19.100000000000136        5.2277342354208427     
   19.150000000000137        5.2205435609206718     
   19.200000000000138        5.2120477505302709     
   19.250000000000139        5.2022489282022377     
   19.300000000000139        5.1911495436421538     
   19.350000000000140        5.1787523716961594     
   19.400000000000141        5.1650605116572414     
   19.450000000000141        5.1500773864904090     
   19.500000000000142        5.1338067419769544     
   19.550000000000143        5.1162526457780055     
   19.600000000000144        5.0974194864176123     
   19.650000000000144        5.0773119721856146     
   19.700000000000145        5.0559351299605702     
   19.750000000000146        5.0332943039530358     
   19.800000000000146        5.0093951543695132     
   19.850000000000147        4.9842436559973979     
   19.900000000000148        4.9578460967112834     
   19.950000000000149        4.9302090759009909     
