  0.10000000000000001       -9.7735588188104838     
  0.20000000000000001       -9.7582084144685286     
  0.30000000000000004       -9.7393921206677199     
  0.40000000000000002       -9.7171349333971495     
  0.50000000000000000       -9.6914666884253187     
  0.59999999999999998       -9.6624219754960574     
  0.69999999999999996       -9.6300400385525222     
  0.79999999999999993       -9.5943646624853951     
  0.89999999999999991       -9.5554440469675335     
  0.99999999999999989       -9.5133306679992415     
   1.0999999999999999       -9.4680811278454673     
   1.2000000000000000       -9.4197559940983577     
   1.3000000000000000       -9.3684196286451620     
   1.4000000000000001       -9.3141400073624521     
   1.5000000000000002       -9.2569885313924960     
   1.6000000000000003       -9.1970398308865366     
   1.7000000000000004       -9.1343715621222739     
   1.8000000000000005       -9.0690641989192624     
   1.9000000000000006       -9.0012008192860371     
   2.0000000000000004       -8.9308668882367179     
   2.1000000000000005       -8.8581500377127806     
   2.2000000000000006       -8.7831398445377626     
   2.3000000000000007       -8.7059276073190706     
   2.4000000000000008       -8.6266061231922002     
   2.5000000000000009       -8.5452694652787216     
   2.6000000000000010       -8.4620127617007945     
   2.7000000000000011       -8.3769319769620001     
   2.8000000000000012       -8.2901236964675675     
   2.9000000000000012       -8.2016849149166760     
   3.0000000000000013       -8.1117128292562466     
   3.1000000000000014       -8.0203046368397359     
   3.2000000000000015       -7.9275573393863104     
   3.3000000000000016       -7.8335675532860991     
   3.4000000000000017       -7.7384313267461575     
   3.5000000000000018       -7.6422439642199587     
   3.6000000000000019       -7.5450998585109659     
   3.7000000000000020       -7.4470923308886094     
   3.8000000000000020       -7.3483134795030765     
   3.9000000000000021       -7.2488540363341691     
   4.0000000000000018       -7.1488032328593825     
   4.1000000000000014       -7.0482486745775734     
   4.2000000000000011       -6.9472762244775037     
   4.3000000000000007       -6.8459698954951875     
   4.4000000000000004       -6.7444117519608913     
   4.5000000000000000       -6.6426818199956443     
   4.5999999999999996       -6.5408580067786071     
   4.6999999999999993       -6.4390160285707267     
   4.7999999999999989       -6.3372293473466810     
   4.8999999999999986       -6.2355691158565456     
   4.9999999999999982       -6.1341041309106572     
   5.0999999999999979       -6.0329007946559869     
   5.1999999999999975       -5.9320230835899412     
   5.2999999999999972       -5.8315325250377752     
   5.3999999999999968       -5.7314881808027724     
   5.4999999999999964       -5.6319466376838978     
   5.5999999999999961       -5.5329620045437018     
   5.6999999999999957       -5.4345859155997527     
   5.7999999999999954       -5.3368675396056640     
   5.8999999999999950       -5.2398535945828248     
   5.9999999999999947       -5.1435883677609882     
   6.0999999999999943       -5.0481137403849292     
   6.1999999999999940       -4.9534692170451997     
   6.2999999999999936       -4.8596919591935492     
   6.3999999999999932       -4.7668168225075771     
   6.4999999999999929       -4.6748763977746934     
   6.5999999999999925       -4.5839010549721149     
   6.6999999999999922       -4.4939189902274350     
   6.7999999999999918       -4.4049562753531930     
   6.8999999999999915       -4.3170369096584675     
   6.9999999999999911       -4.2301828737509677     
   7.0999999999999908       -4.1444141850541349     
   7.1999999999999904       -4.0597489547752970     
   7.2999999999999901       -3.9762034460728648     
   7.3999999999999897       -3.8937921331828100     
   7.4999999999999893       -3.8125277612771029     
   7.5999999999999890       -3.7324214068393751     
   7.6999999999999886       -3.6534825383556786     
   7.7999999999999883       -3.5757190771307990     
   7.8999999999999879       -3.4991374580530517     
   7.9999999999999876       -3.4237426901428440     
   8.0999999999999872       -3.3495384167323676     
   8.1999999999999869       -3.2765269751356749     
   8.2999999999999865       -3.2047094556799181     
   8.3999999999999861       -3.1340857599797953     
   8.4999999999999858       -3.0646546583480374     
   8.5999999999999854       -2.9964138462453347     
   8.6999999999999851       -2.9293599996830508     
   8.7999999999999847       -2.8634888295017786     
   8.8999999999999844       -2.7987951344579551     
   8.9999999999999840       -2.7352728530594836     
   9.0999999999999837       -2.6729151140996343     
   9.1999999999999833       -2.6117142858462952     
   9.2999999999999829       -2.5516620238510619     
   9.3999999999999826       -2.4927493173495918     
   9.4999999999999822       -2.4349665342310933     
   9.5999999999999819       -2.3783034645609558     
   9.6999999999999815       -2.3227493626461202     
   9.7999999999999812       -2.2682929876379818     
   9.8999999999999808       -2.2149226426725148     
   9.9999999999999805       -2.1626262125516478     
   10.099999999999980       -2.1113911999740544     
   10.199999999999980       -2.0612047603271675     
   10.299999999999979       -2.0120537350555976     
   10.399999999999979       -1.9639246836241764     
   10.499999999999979       -1.9168039140965085     
   10.599999999999978       -1.8706775123524197     
   10.699999999999978       -1.8255313699697089     
   10.799999999999978       -1.7813512107976113     
   10.899999999999977       -1.7381226162508714     
   10.999999999999977       -1.6958310493548456     
   11.099999999999977       -1.6544618775731070     
   11.199999999999976       -1.6140003944500929     
   11.299999999999976       -1.5744318401020436     
