  0.10000000000000001        499.57113220590594     
  0.20000000000000001        499.04460557564551     
  0.30000000000000004        498.42059094270940     
  0.40000000000000002        497.69929367450294     
  0.50000000000000000        496.88095339818739     
  0.59999999999999998        495.96584367855223     
  0.69999999999999996        494.95427164884683     
  0.79999999999999993        493.84657759563623     
  0.89999999999999991        492.64313449887834     
  0.99999999999999989        491.34434752854565     
   1.0999999999999999        489.95065349923374     
   1.2000000000000000        488.46252028431212     
   1.3000000000000000        486.88044619127675     
   1.4000000000000001        485.20495930006132     
   1.5000000000000002        483.43661676615216     
   1.6000000000000003        481.57600409043158     
   1.7000000000000004        479.62373435774595     
   1.8000000000000005        477.58044744625511     
   1.9000000000000006        475.44680920967323     
   2.0000000000000004        473.22351063455375     
   2.1000000000000005        470.91126697480456     
   2.2000000000000006        468.51081686564407     
   2.3000000000000007        466.02292141922430     
   2.4000000000000008        463.44836330415200     
   2.5000000000000009        460.78794581113732     
   2.6000000000000010        458.04249190698778     
   2.7000000000000011        455.21284327914492     
   2.8000000000000012        452.29985937293492     
   2.9000000000000012        449.30441642366799     
   3.0000000000000013        446.22740648568021     
   3.1000000000000014        443.06973646036192     
   3.2000000000000015        439.83232712516252     
   3.3000000000000016        436.51611216549975     
   3.4000000000000017        433.12203721143680     
   3.5000000000000018        429.65105888091904     
   3.6000000000000019        426.10414383128762     
   3.7000000000000020        422.48226782070918     
   3.8000000000000020        418.78641478107880     
   3.9000000000000021        415.01757590386921     
   4.0000000000000018        411.17674874031366     
   4.1000000000000014        407.26493631722093     
   4.2000000000000011        403.28314626963294     
   4.3000000000000007        399.23238999144507     
   4.4000000000000004        395.11368180501995     
   4.5000000000000000        390.92803815073501     
   4.5999999999999996        386.67647679731624     
   4.6999999999999993        382.36001607372071     
   4.7999999999999989        377.97967412324562     
   4.8999999999999986        373.53646818045445     
   4.9999999999999982        369.03141387142949     
   5.0999999999999979        364.46552453777667     
   5.1999999999999975        359.83981058473262     
   5.2999999999999972        355.15527885364543     
   5.3999999999999968        350.41293201902903     
   5.4999999999999964        345.61376801032020     
   5.5999999999999961        340.75877945840023     
   5.6999999999999957        335.84895316687954     
   5.7999999999999954        330.88526960808287     
   5.8999999999999950        325.86870244361523     
   5.9999999999999947        320.80021806933587     
   6.0999999999999943        315.68077518451577     
   6.1999999999999940        310.51132438490851     
   6.2999999999999936        305.29280777942006     
   6.3999999999999932        300.02615863002313     
   6.4999999999999929        294.71230101452477     
   6.5999999999999925        289.35214951176266     
   6.6999999999999922        283.94660890877458     
   6.7999999999999918        278.49657392945858     
   6.8999999999999915        273.00292898421753     
   6.9999999999999911        267.46654794005946     
   7.0999999999999908        261.88829391060733     
   7.1999999999999904        256.26901906545606     
   7.2999999999999901        250.60956445830055     
   7.3999999999999897        244.91075987324876     
   7.4999999999999893        239.17342368872468     
   7.5999999999999890        233.39836275836001     
   7.6999999999999886        227.58637230826938     
   7.7999999999999883        221.73823585010132     
   7.8999999999999879        215.85472510925734     
   7.9999999999999876        209.93659996767238     
   8.0999999999999872        203.98460842055303     
   8.1999999999999869        197.99948654647434     
   8.2999999999999865        191.98195849024160     
   8.3999999999999861        185.93273645793053     
   8.4999999999999858        179.85252072352782     
   8.5999999999999854        173.74199964660215     
   8.6999999999999851        167.60184970044685     
   8.7999999999999847        161.43273551014562     
   8.8999999999999844        155.23530990002459     
   8.9999999999999840        149.01021394996596     
   9.0999999999999837        142.75807706007154     
   9.1999999999999833        136.47951702317741     
   9.2999999999999829        130.17514010473477     
   9.3999999999999826        123.84554112958612     
   9.4999999999999822        117.49130357517959     
   9.5999999999999819        111.11299967077909     
   9.6999999999999815        104.71119050224256     
   9.7999999999999812        98.286426121954605     
   9.8999999999999808        91.839245663515101     
   9.9999999999999805        85.370177460799468     
   10.099999999999980        78.879739171021214     
   10.199999999999980        72.368437901441453     
   10.299999999999979        65.836770339384771     
   10.399999999999979        59.285222885234695     
   10.499999999999979        52.714271788096013     
   10.599999999999978        46.124383283825090     
   10.699999999999978        39.516013735142550     
   10.799999999999978        32.889609773556174     
   10.899999999999977        26.245608442834559     
   10.999999999999977        19.584437343784913     
   11.099999999999977        12.906514780100629     
   11.199999999999976        6.2122499050562290     
   11.299999999999976      -0.49795713116093321     
