  0.10000000000000001       -4.7773558818810482     
  0.20000000000000001       -5.7531767233279014     
  0.30000000000000004       -6.7271159353946732     
  0.40000000000000002       -7.6988294287343884     
  0.50000000000000000       -8.6679760975769202     
  0.59999999999999998       -9.6342182951265265     
  0.69999999999999996       -10.597222298981778     
  0.79999999999999993       -11.556658765230317     
  0.89999999999999991       -12.512203169927071     
  0.99999999999999989       -13.463536236726995     
   1.0999999999999999       -14.410344349511542     
   1.2000000000000000       -15.352319948921377     
   1.3000000000000000       -16.289161911785893     
   1.4000000000000001       -17.220575912522140     
   1.5000000000000002       -18.146274765661389     
   1.6000000000000003       -19.065978748750041     
   1.7000000000000004       -19.979415904962270     
   1.8000000000000005       -20.886322324854195     
   1.9000000000000006       -21.786442406782797     
   2.0000000000000004       -22.679529095606469     
   2.1000000000000005       -23.565344099377747     
   2.2000000000000006       -24.443658083831522     
   2.3000000000000007       -25.314250844563428     
   2.4000000000000008       -26.176911456882650     
   2.5000000000000009       -27.031438403410522     
   2.6000000000000010       -27.877639679580604     
   2.7000000000000011       -28.715332877276804     
   2.8000000000000012       -29.544345246923562     
   2.9000000000000012       -30.364513738415230     
   3.0000000000000013       -31.175685021340854     
   3.1000000000000014       -31.977715485024827     
   3.2000000000000015       -32.770471218963458     
   3.3000000000000016       -33.553827974292069     
   3.4000000000000017       -34.327671106966683     
   3.5000000000000018       -35.091895503388677     
   3.6000000000000019       -35.846405489239771     
   3.7000000000000020       -36.591114722328633     
   3.8000000000000020       -37.325946070278938     
   3.9000000000000021       -38.050831473912353     
   4.0000000000000018       -38.765711797198293     
   4.1000000000000014       -39.470536664656052     
   4.2000000000000011       -40.165264287103803     
   4.3000000000000007       -40.849861276653321     
   4.4000000000000004       -41.524302451849408     
   4.5000000000000000       -42.188570633848975     
   4.5999999999999996       -42.842656434526837     
   4.6999999999999993       -43.486558037383908     
   4.7999999999999989       -44.120280972118579     
   4.8999999999999986       -44.743837883704231     
   4.9999999999999982       -45.357248296795298     
   5.0999999999999979       -45.960538376260899     
   5.1999999999999975       -46.553740684619896     
   5.2999999999999972       -47.136893937123673     
   5.3999999999999968       -47.710042755203951     
   5.4999999999999964       -48.273237418972343     
   5.5999999999999961       -48.826533619426712     
   5.6999999999999957       -49.369992210986688     
   5.7999999999999954       -49.903678964947254     
   5.8999999999999950       -50.427664324405534     
   5.9999999999999947       -50.942023161181631     
   6.0999999999999943       -51.446834535220127     
   6.1999999999999940       -51.942181456924644     
   6.2999999999999936       -52.428150652843996     
   6.3999999999999932       -52.904832335094753     
   6.4999999999999929       -53.372319974872219     
   6.5999999999999925       -53.830710080369428     
   6.6999999999999922       -54.280101979392171     
   6.7999999999999918       -54.720597606927491     
   6.8999999999999915       -55.152301297893338     
   6.9999999999999911       -55.575319585268431     
   7.0999999999999908       -55.989761003773843     
   7.1999999999999904       -56.395735899251370     
   7.2999999999999901       -56.793356243858653     
   7.3999999999999897       -57.182735457176932     
   7.4999999999999893       -57.563988233304642     
   7.5999999999999890       -57.937230373988577     
   7.6999999999999886       -58.302578627824147     
   7.7999999999999883       -58.660150535537227     
   7.8999999999999879       -59.010064281342530     
   7.9999999999999876       -59.352438550356815     
   8.0999999999999872       -59.687392392030056     
   8.1999999999999869       -60.015045089543626     
   8.2999999999999865       -60.335516035111617     
   8.3999999999999861       -60.648924611109599     
   8.4999999999999858       -60.955390076944404     
   8.5999999999999854       -61.255031461568940     
   8.6999999999999851       -61.547967461537247     
   8.7999999999999847       -61.834316344487426     
   8.8999999999999844       -62.114195857933225     
   8.9999999999999840       -62.387723143239171     
   9.0999999999999837       -62.655014654649136     
   9.1999999999999833       -62.916186083233768     
   9.2999999999999829       -63.171352285618873     
   9.3999999999999826       -63.420627217353832     
   9.4999999999999822       -63.664123870776940     
   9.5999999999999819       -63.901954217233033     
   9.6999999999999815       -64.134229153497643     
   9.7999999999999812       -64.361058452261446     
   9.8999999999999808       -64.582550716528701     
   9.9999999999999805       -64.798813337783869     
   10.099999999999980       -65.009952457781282     
   10.199999999999980       -65.216072933814004     
   10.299999999999979       -65.417278307319563     
   10.399999999999979       -65.613670775681982     
   10.499999999999979       -65.805351167091629     
   10.599999999999978       -65.992418918326877     
   10.699999999999978       -66.174972055323849     
   10.799999999999978       -66.353107176403611     
   10.899999999999977       -66.526919438028699     
   10.999999999999977       -66.696502542964183     
   11.099999999999977       -66.861948730721494     
   11.199999999999976       -67.023348770166507     
   11.299999999999976       -67.180791954176712     
