   0.0000000000000000       -10.229815015490821     
   1.0000000000000000E-002  -10.224094395869185     
   2.0000000000000000E-002  -10.218415267876372     
   2.9999999999999999E-002  -10.212777544439339     
   4.0000000000000001E-002  -10.207181139189291     
   5.0000000000000003E-002  -10.201625966458799     
   6.0000000000000005E-002  -10.196111941278962     
   7.0000000000000007E-002  -10.190638979376590     
   8.0000000000000002E-002  -10.185206997171415     
   8.9999999999999997E-002  -10.179815911773320     
   9.9999999999999992E-002  -10.174465640979607     
  0.10999999999999999       -10.169156103272279     
  0.11999999999999998       -10.163887217815349     
  0.12999999999999998       -10.158658904452183     
  0.13999999999999999       -10.153471083702858     
  0.14999999999999999       -10.148323676761549     
  0.16000000000000000       -10.143216605493942     
  0.17000000000000001       -10.138149792434662     
  0.18000000000000002       -10.133123160784745     
  0.19000000000000003       -10.128136634409113     
  0.20000000000000004       -10.123190137834092     
  0.21000000000000005       -10.118283596244932     
  0.22000000000000006       -10.113416935483375     
  0.23000000000000007       -10.108590082045229     
  0.24000000000000007       -10.103802963077976     
  0.25000000000000006       -10.099055506378393     
  0.26000000000000006       -10.094347640390209     
  0.27000000000000007       -10.089679294201776     
  0.28000000000000008       -10.085050397543762     
  0.29000000000000009       -10.080460880786880     
  0.30000000000000010       -10.075910674939621     
  0.31000000000000011       -10.071399711646023     
  0.32000000000000012       -10.066927923183462     
  0.33000000000000013       -10.062495242460454     
  0.34000000000000014       -10.058101603014492     
  0.35000000000000014       -10.053746939009903     
  0.36000000000000015       -10.049431185235722     
  0.37000000000000016       -10.045154277103588     
  0.38000000000000017       -10.040916150645666     
  0.39000000000000018       -10.036716742512588     
  0.40000000000000019       -10.032555989971424     
  0.41000000000000020       -10.028433830903655     
  0.42000000000000021       -10.024350203803184     
  0.43000000000000022       -10.020305047774366     
  0.44000000000000022       -10.016298302530059     
  0.45000000000000023       -10.012329908389683     
  0.46000000000000024       -10.008399806277319     
  0.47000000000000025       -10.004507937719820     
  0.48000000000000026       -10.000654244844942     
  0.49000000000000027       -9.9968386703794909     
  0.50000000000000022       -9.9930611576475084     
  0.51000000000000023       -9.9893216505684492     
  0.52000000000000024       -9.9856200936554131     
  0.53000000000000025       -9.9819564320133587     
  0.54000000000000026       -9.9783306113373769     
  0.55000000000000027       -9.9747425779109502     
  0.56000000000000028       -9.9711922786042564     
  0.57000000000000028       -9.9676796608724754     
  0.58000000000000029       -9.9642046727541267     
  0.59000000000000030       -9.9607672628694246     
  0.60000000000000031       -9.9573673804186438     
  0.61000000000000032       -9.9540049751805171     
  0.62000000000000033       -9.9506799975106457     
  0.63000000000000034       -9.9473923983399288     
  0.64000000000000035       -9.9441421291730148     
  0.65000000000000036       -9.9409291420867678     
  0.66000000000000036       -9.9377533897287584     
  0.67000000000000037       -9.9346148253157729     
  0.68000000000000038       -9.9315134026323317     
  0.69000000000000039       -9.9284490760292403     
  0.70000000000000040       -9.9254218004221482     
  0.71000000000000041       -9.9224315312901368     
  0.72000000000000042       -9.9194782246743092     
  0.73000000000000043       -9.9165618371764239     
  0.74000000000000044       -9.9136823259575184     
  0.75000000000000044       -9.9108396487365713     
  0.76000000000000045       -9.9080337637891773     
  0.77000000000000046       -9.9052646299462346     
  0.78000000000000047       -9.9025322065926566     
  0.79000000000000048       -9.8998364536661043     
  0.80000000000000049       -9.8971773316557261     
  0.81000000000000050       -9.8945548016009237     
  0.82000000000000051       -9.8919688250901370     
  0.83000000000000052       -9.8894193642596377     
  0.84000000000000052       -9.8869063817923557     
  0.85000000000000053       -9.8844298409167042     
  0.86000000000000054       -9.8819897054054344     
  0.87000000000000055       -9.8795859395745129     
  0.88000000000000056       -9.8772185082819970     
  0.89000000000000057       -9.8748873769269512     
  0.90000000000000058       -9.8725925114483601     
  0.91000000000000059       -9.8703338783240735     
  0.92000000000000060       -9.8681114445697595     
  0.93000000000000060       -9.8659251777378838     
  0.94000000000000061       -9.8637750459166895     
  0.95000000000000062       -9.8616610177292170     
  0.96000000000000063       -9.8595830623323231     
  0.97000000000000064       -9.8575411494157219     
  0.98000000000000065       -9.8555352492010453     
  0.99000000000000066       -9.8535653324409171     
   1.0000000000000007       -9.8516313704180511     
   1.0100000000000007       -9.8497333349443501     
   1.0200000000000007       -9.8478711983600373     
   1.0300000000000007       -9.8460449335328022     
   1.0400000000000007       -9.8442545138569510     
   1.0500000000000007       -9.8424999132525937     
   1.0600000000000007       -9.8407811061648207     
   1.0700000000000007       -9.8390980675629276     
   1.0800000000000007       -9.8374507729396257     
   1.0900000000000007       -9.8358391983102962     
   1.1000000000000008       -9.8342633202122389     
   1.1100000000000008       -9.8327231157039510     
   1.1200000000000008       -9.8312185623644126     
   1.1300000000000008       -9.8297496382923963     
   1.1400000000000008       -9.8283163221057954     
   1.1500000000000008       -9.8269185929409506     
   1.1600000000000008       -9.8255564304520124     
   1.1700000000000008       -9.8242298148103142     
   1.1800000000000008       -9.8229387267037556     
   1.1900000000000008       -9.8216831473362038     
   1.2000000000000008       -9.8204630584269168     
   1.2100000000000009       -9.8192784422099795     
   1.2200000000000009       -9.8181292814337500     
   1.2300000000000009       -9.8170155593603265     
   1.2400000000000009       -9.8159372597650343     
   1.2500000000000009       -9.8148943669359241     
   1.2600000000000009       -9.8138868656732843     
   1.2700000000000009       -9.8129147412891680     
   1.2800000000000009       -9.8119779796069473     
   1.2900000000000009       -9.8110765669608675     
   1.3000000000000009       -9.8102104901956313     
   1.3100000000000009       -9.8093797366659832     
   1.3200000000000010       -9.8085842942363275     
   1.3300000000000010       -9.8078241512803466     
   1.3400000000000010       -9.8070992966806436     
   1.3500000000000010       -9.8064097198283982     
   1.3600000000000010       -9.8057554106230391     
   1.3700000000000010       -9.8051363594719270     
   1.3800000000000010       -9.8045525572900605     
   1.3900000000000010       -9.8040039954997926     
   1.4000000000000010       -9.8034906660305658     
   1.4100000000000010       -9.8030125613186616     
   1.4200000000000010       -9.8025696743069624     
   1.4300000000000010       -9.8021619984447295     
   1.4400000000000011       -9.8017895276874096     
   1.4500000000000011       -9.8014522564964341     
   1.4600000000000011       -9.8011501798390501     
   1.4700000000000011       -9.8008832931881624     
   1.4800000000000011       -9.8006515925221933     
   1.4900000000000011       -9.8004550743249492     
   1.5000000000000011       -9.8002937355855178     
   1.5100000000000011       -9.8001675737981593     
   1.5200000000000011       -9.8000765869622413     
   1.5300000000000011       -9.8000207735821601     
   1.5400000000000011       -9.8000001326672947     
   1.5500000000000012       -9.8000146637319769     
   1.5600000000000012       -9.8000643667954659     
   1.5700000000000012       -9.8001492423819485     
   1.5800000000000012       -9.8002692915205429     
   1.5900000000000012       -9.8004245157453429     
   1.6000000000000012       -9.8006149170954373     
   1.6100000000000012       -9.8008404981149866     
   1.6200000000000012       -9.8011012618532867     
   1.6300000000000012       -9.8013972118648613     
   1.6400000000000012       -9.8017283522095635     
   1.6500000000000012       -9.8020946874526977     
   1.6600000000000013       -9.8024962226651500     
   1.6700000000000013       -9.8029329634235438     
   1.6800000000000013       -9.8034049158104040     
   1.6900000000000013       -9.8039120864143339     
   1.7000000000000013       -9.8044544823302235     
   1.7100000000000013       -9.8050321111594432     
   1.7200000000000013       -9.8056449810100919     
   1.7300000000000013       -9.8062931004972214     
   1.7400000000000013       -9.8069764787431097     
   1.7500000000000013       -9.8076951253775295     
   1.7600000000000013       -9.8084490505380320     
   1.7700000000000014       -9.8092382648702650     
   1.7800000000000014       -9.8100627795282804     
   1.7900000000000014       -9.8109226061748807     
   1.8000000000000014       -9.8118177569819647     
   1.8100000000000014       -9.8127482446308996     
   1.8200000000000014       -9.8137140823129005     
   1.8300000000000014       -9.8147152837294289     
   1.8400000000000014       -9.8157518630926148     
   1.8500000000000014       -9.8168238351256747     
   1.8600000000000014       -9.8179312150633713     
   1.8700000000000014       -9.8190740186524597     
   1.8800000000000014       -9.8202522621521826     
   1.8900000000000015       -9.8214659623347487     
   1.9000000000000015       -9.8227151364858489     
   1.9100000000000015       -9.8239998024051793     
   1.9200000000000015       -9.8253199784069842     
   1.9300000000000015       -9.8266756833206106     
   1.9400000000000015       -9.8280669364910835     
   1.9500000000000015       -9.8294937577796873     
   1.9600000000000015       -9.8309561675645813     
   1.9700000000000015       -9.8324541867414137     
   1.9800000000000015       -9.8339878367239582     
   1.9900000000000015       -9.8355571394447683     
   2.0000000000000013       -9.8371621173558470     
   2.0100000000000011       -9.8388027934293287     
   2.0200000000000009       -9.8404791911581864     
   2.0300000000000007       -9.8421913345569436     
   2.0400000000000005       -9.8439392481624068     
   2.0500000000000003       -9.8457229570344236     
   2.0600000000000001       -9.8475424867566428     
   2.0699999999999998       -9.8493978634373001     
   2.0799999999999996       -9.8512891137100098     
   2.0899999999999994       -9.8532162647345949     
   2.0999999999999992       -9.8551793441979054     
   2.1099999999999990       -9.8571783803146769     
   2.1199999999999988       -9.8592134018283897     
   2.1299999999999986       -9.8612844380121523     
   2.1399999999999983       -9.8633915186696033     
   2.1499999999999981       -9.8655346741358212     
   2.1599999999999979       -9.8677139352782657     
   2.1699999999999977       -9.8699293334977174     
   2.1799999999999975       -9.8721809007292460     
   2.1899999999999973       -9.8744686694431962     
   2.1999999999999971       -9.8767926726461894     
   2.2099999999999969       -9.8791529438821346     
   2.2199999999999966       -9.8815495172332657     
   2.2299999999999964       -9.8839824273211914     
   2.2399999999999962       -9.8864517093079698     
   2.2499999999999960       -9.8889573988971815     
   2.2599999999999958       -9.8914995323350485     
   2.2699999999999956       -9.8940781464115410     
   2.2799999999999954       -9.8966932784615214     
   2.2899999999999952       -9.8993449663659003     
   2.2999999999999949       -9.9020332485528098     
   2.3099999999999947       -9.9047581639987889     
   2.3199999999999945       -9.9075197522299980     
   2.3299999999999943       -9.9103180533234418     
   2.3399999999999941       -9.9131531079082134     
   2.3499999999999939       -9.9160249571667585     
   2.3599999999999937       -9.9189336428361514     
   2.3699999999999934       -9.9218792072093933     
   2.3799999999999932       -9.9248616931367319     
   2.3899999999999930       -9.9278811440269923     
   2.3999999999999928       -9.9309376038489265     
   2.4099999999999926       -9.9340311171325943     
   2.4199999999999924       -9.9371617289707377     
   2.4299999999999922       -9.9403294850202020     
   2.4399999999999920       -9.9435344315033500     
   2.4499999999999917       -9.9467766152095187     
   2.4599999999999915       -9.9500560834964720     
   2.4699999999999913       -9.9533728842918876     
   2.4799999999999911       -9.9567270660948584     
   2.4899999999999909       -9.9601186779774071     
   2.4999999999999907       -9.9635477695860359     
   2.5099999999999905       -9.9670143911432714     
   2.5199999999999902       -9.9705185934492508     
   2.5299999999999900       -9.9740604278833178     
   2.5399999999999898       -9.9776399464056311     
   2.5499999999999896       -9.9812572015588064     
   2.5599999999999894       -9.9849122464695714     
   2.5699999999999892       -9.9886051348504346     
   2.5799999999999890       -9.9923359210013860     
   2.5899999999999888       -9.9961046598116052     
   2.5999999999999885       -9.9999114067611998     
   2.6099999999999883       -10.003756217922957     
   2.6199999999999881       -10.007639149964115     
   2.6299999999999879       -10.011560260148164     
   2.6399999999999877       -10.015519606336650     
   2.6499999999999875       -10.019517246991022     
   2.6599999999999873       -10.023553241174479     
   2.6699999999999871       -10.027627648553846     
   2.6799999999999868       -10.031740529401475     
   2.6899999999999866       -10.035891944597156     
   2.6999999999999864       -10.040081955630063     
   2.7099999999999862       -10.044310624600707     
   2.7199999999999860       -10.048578014222917     
   2.7299999999999858       -10.052884187825848     
   2.7399999999999856       -10.057229209355993     
   2.7499999999999853       -10.061613143379235     
   2.7599999999999851       -10.066036055082915     
   2.7699999999999849       -10.070498010277911     
   2.7799999999999847       -10.074999075400754     
   2.7899999999999845       -10.079539317515758     
   2.7999999999999843       -10.084118804317173     
   2.8099999999999841       -10.088737604131360     
   2.8199999999999839       -10.093395785918991     
   2.8299999999999836       -10.098093419277264     
   2.8399999999999834       -10.102830574442152     
   2.8499999999999832       -10.107607322290665     
   2.8599999999999830       -10.112423734343139     
   2.8699999999999828       -10.117279882765546     
   2.8799999999999826       -10.122175840371828     
   2.8899999999999824       -10.127111680626259     
   2.8999999999999821       -10.132087477645817     
   2.9099999999999819       -10.137103306202595     
   2.9199999999999817       -10.142159241726228     
   2.9299999999999815       -10.147255360306337     
   2.9399999999999813       -10.152391738695018     
   2.9499999999999811       -10.157568454309322     
   2.9599999999999809       -10.162785585233800     
   2.9699999999999807       -10.168043210223033     
   2.9799999999999804       -10.173341408704211     
   2.9899999999999802       -10.178680260779728     
   2.9999999999999800       -10.184059847229809     
   3.0099999999999798       -10.189480249515146     
   3.0199999999999796       -10.194941549779575     
   3.0299999999999794       -10.200443830852775     
   3.0399999999999792       -10.205987176252981     
   3.0499999999999790       -10.211571670189739     
   3.0599999999999787       -10.217197397566677     
   3.0699999999999785       -10.222864443984298     
   3.0799999999999783       -10.228572895742809     
   3.0899999999999781       -10.234322839844978     
   3.0999999999999779       -10.240114363998996     
   3.1099999999999777       -10.245947556621390     
   3.1199999999999775       -10.251822506839956     
   3.1299999999999772       -10.257739304496702     
   3.1399999999999770       -10.263698040150850     
