   0.0000000000000000        15.218590712224652     
   1.0000000000000000E-002   15.116349768265959     
   2.0000000000000000E-002   15.014165615587196     
   2.9999999999999999E-002   14.912037840142803     
   4.0000000000000001E-002   14.809966028750910     
   5.0000000000000003E-002   14.707949769086323     
   6.0000000000000005E-002   14.605988649673533     
   7.0000000000000007E-002   14.504082259879766     
   8.0000000000000002E-002   14.402230189908051     
   8.9999999999999997E-002   14.300432030790319     
   9.9999999999999992E-002   14.198687374380523     
  0.10999999999999999        14.096995813347799     
  0.11999999999999998        13.995356941169646     
  0.12999999999999998        13.893770352125124     
  0.13999999999999999        13.792235641288094     
  0.14999999999999999        13.690752404520479     
  0.16000000000000000        13.589320238465540     
  0.17000000000000001        13.487938740541193     
  0.18000000000000002        13.386607508933345     
  0.19000000000000003        13.285326142589254     
  0.20000000000000004        13.184094241210913     
  0.21000000000000005        13.082911405248463     
  0.22000000000000006        12.981777235893629     
  0.23000000000000007        12.880691335073177     
  0.24000000000000007        12.779653305442396     
  0.25000000000000006        12.678662750378612     
  0.26000000000000006        12.577719273974710     
  0.27000000000000007        12.476822481032691     
  0.28000000000000008        12.375971977057254     
  0.29000000000000009        12.275167368249386     
  0.30000000000000010        12.174408261499989     
  0.31000000000000011        12.073694264383530     
  0.32000000000000012        11.973024985151696     
  0.33000000000000013        11.872400032727091     
  0.34000000000000014        11.771819016696947     
  0.35000000000000014        11.671281547306847     
  0.36000000000000015        11.570787235454491     
  0.37000000000000016        11.470335692683454     
  0.38000000000000017        11.369926531176997     
  0.39000000000000018        11.269559363751871     
  0.40000000000000019        11.169233803852157     
  0.41000000000000020        11.068949465543120     
  0.42000000000000021        10.968705963505089     
  0.43000000000000022        10.868502913027346     
  0.44000000000000022        10.768339930002044     
  0.45000000000000023        10.668216630918147     
  0.46000000000000024        10.568132632855374     
  0.47000000000000025        10.468087553478176     
  0.48000000000000026        10.368081011029727     
  0.49000000000000027        10.268112624325932     
  0.50000000000000022        10.168182012749456     
  0.51000000000000023        10.068288796243772     
  0.52000000000000024        9.9684325953072186     
  0.53000000000000025        9.8686130309870848     
  0.54000000000000026        9.7688297248737115     
  0.55000000000000027        9.6690822990946028     
  0.56000000000000028        9.5693703763085605     
  0.57000000000000028        9.4696935796998361     
  0.58000000000000029        9.3700515329722940     
  0.59000000000000030        9.2704438603435992     
  0.60000000000000031        9.1708701865394122     
  0.61000000000000032        9.0713301367876067     
  0.62000000000000033        8.9718233368125002     
  0.63000000000000034        8.8723494128291005     
  0.64000000000000035        8.7729079915373696     
  0.65000000000000036        8.6734987001165020     
  0.66000000000000036        8.5741211662192143     
  0.67000000000000037        8.4747750179660564     
  0.68000000000000038        8.3754598839397332     
  0.69000000000000039        8.2761753931794413     
  0.70000000000000040        8.1769211751752202     
  0.71000000000000041        8.0776968598623196     
  0.72000000000000042        7.9785020776155768     
  0.73000000000000043        7.8793364592438122     
  0.74000000000000044        7.7801996359842374     
  0.75000000000000044        7.6810912394968716     
  0.76000000000000045        7.5820109018589799     
  0.77000000000000046        7.4829582555595175     
  0.78000000000000047        7.3839329334935906     
  0.79000000000000048        7.2849345689569294     
  0.80000000000000049        7.1859627956403722     
  0.81000000000000050        7.0870172476243631     
  0.82000000000000051        6.9880975593734620     
  0.83000000000000052        6.8892033657308653     
  0.84000000000000052        6.7903343019129414     
  0.85000000000000053        6.6914900035037741     
  0.86000000000000054        6.5926701064497202     
  0.87000000000000055        6.4938742470539754     
  0.88000000000000056        6.3951020619711558     
  0.89000000000000057        6.2963531882018859     
  0.90000000000000058        6.1976272630874023     
  0.91000000000000059        6.0989239243041613     
  0.92000000000000060        6.0002428098584639     
  0.93000000000000060        5.9015835580810849     
  0.94000000000000061        5.8029458076219180     
  0.95000000000000062        5.7043291974446255     
  0.96000000000000063        5.6057333668213021     
  0.97000000000000064        5.5071579553271448     
  0.98000000000000065        5.4086026028351339     
  0.99000000000000066        5.3100669495107251     
   1.0000000000000007        5.2115506358065442     
   1.0100000000000007        5.1130533024571010     
   1.0200000000000007        5.0145745904735008     
   1.0300000000000007        4.9161141411381726     
   1.0400000000000007        4.8176715959996033     
   1.0500000000000007        4.7192465968670776     
   1.0600000000000007        4.6208387858054296     
   1.0700000000000007        4.5224478051298007     
   1.0800000000000007        4.4240732974004047     
   1.0900000000000007        4.3257149054173016     
   1.1000000000000008        4.2273722722151792     
   1.1100000000000008        4.1290450410581396     
   1.1200000000000008        4.0307328554344952     
   1.1300000000000008        3.9324353590515710     
   1.1400000000000008        3.8341521958305131     
   1.1500000000000008        3.7358830099011038     
   1.1600000000000008        3.6376274455965838     
   1.1700000000000008        3.5393851474484808     
   1.1800000000000008        3.4411557601814433     
   1.1900000000000008        3.3429389287080813     
   1.2000000000000008        3.2447342981238121     
   1.2100000000000009        3.1465415137017123     
   1.2200000000000009        3.0483602208873748     
   1.2300000000000009        2.9501900652937714     
   1.2400000000000009        2.8520306926961210     
   1.2500000000000009        2.7538817490267617     
   1.2600000000000009        2.6557428803700289     
   1.2700000000000009        2.5576137329571371     
   1.2800000000000009        2.4594939531610676     
   1.2900000000000009        2.3613831874914588     
   1.3000000000000009        2.2632810825895024     
   1.3100000000000009        2.1651872852228427     
   1.3200000000000010        2.0671014422804794     
   1.3300000000000010        1.9690232007676760     
   1.3400000000000010        1.8709522078008696     
   1.3500000000000010        1.7728881106025856     
   1.3600000000000010        1.6748305564963553     
   1.3700000000000010        1.5767791929016359     
   1.3800000000000010        1.4787336673287352     
   1.3900000000000010        1.3806936273737374     
   1.4000000000000010        1.2826587207134317     
   1.4100000000000010        1.1846285951002451     
   1.4200000000000010        1.0866028983571754     
   1.4300000000000010       0.98858127837272813     
   1.4400000000000011       0.89056338309585403     
   1.4500000000000011       0.79254886053088969     
   1.4600000000000011       0.69453735873249922     
   1.4700000000000011       0.59652852580061755     
   1.4800000000000011       0.49852200987539563     
   1.4900000000000011       0.40051745913214615     
   1.5000000000000011       0.30251452177629096     
   1.5100000000000011       0.20451284603830938     
   1.5200000000000011       0.10651208016868696     
   1.5300000000000011        8.5118724328653583E-003
   1.5400000000000011       -8.9488128893807597E-002
   1.5500000000000012      -0.18748798225648783     
   1.5600000000000012      -0.28548733859054687     
   1.5700000000000012      -0.38348584618325299     
   1.5800000000000012      -0.48148315333216529     
   1.5900000000000012      -0.57947890835018279     
   1.6000000000000012      -0.67747275957059239     
   1.6100000000000012      -0.77546435535211711     
   1.6200000000000012      -0.87345334408396302     
   1.6300000000000012      -0.97143937419086535     
   1.6400000000000012       -1.0694220941381338     
   1.6500000000000012       -1.1674011524366965     
   1.6600000000000013       -1.2653761976481426     
   1.6700000000000013       -1.3633468783897631     
   1.6800000000000013       -1.4613128433395912     
   1.6900000000000013       -1.5592737412414388     
   1.7000000000000013       -1.6572292209099331     
   1.7100000000000013       -1.7551789312355497     
   1.7200000000000013       -1.8531225211896443     
   1.7300000000000013       -1.9510596398294808     
   1.7400000000000013       -2.0489899363032591     
   1.7500000000000013       -2.1469130598551369     
   1.7600000000000013       -2.2448286598302518     
   1.7700000000000014       -2.3427363856797387     
   1.7800000000000014       -2.4406358869657434     
   1.7900000000000014       -2.5385268133664347     
   1.8000000000000014       -2.6364088146810123     
   1.8100000000000014       -2.7342815408347101     
   1.8200000000000014       -2.8321446418837963     
   1.8300000000000014       -2.9299977680205704     
   1.8400000000000014       -3.0278405695783550     
   1.8500000000000014       -3.1256726970364839     
   1.8600000000000014       -3.2234938010252856     
   1.8700000000000014       -3.3213035323310622     
   1.8800000000000014       -3.4191015419010640     
   1.8900000000000015       -3.5168874808484585     
   1.9000000000000015       -3.6146610004572954     
   1.9100000000000015       -3.7124217521874656     
   1.9200000000000015       -3.8101693876796547     
   1.9300000000000015       -3.9079035587602928     
   1.9400000000000015       -4.0056239174464965     
   1.9500000000000015       -4.1033301159510067     
   1.9600000000000015       -4.2010218066871188     
   1.9700000000000015       -4.2986986422736102     
   1.9800000000000015       -4.3963602755396574     
   1.9900000000000015       -4.4940063595297488     
   2.0000000000000013       -4.5916365475085916     
   2.0100000000000011       -4.6892504929660133     
   2.0200000000000009       -4.7868478496218501     
   2.0300000000000007       -4.8844282714308376     
   2.0400000000000005       -4.9819914125874867     
   2.0500000000000003       -5.0795369275309570     
   2.0600000000000001       -5.1770644709499187     
   2.0699999999999998       -5.2745736977874129     
   2.0799999999999996       -5.3720642632456972     
   2.0899999999999994       -5.4695358227910900     
   2.0999999999999992       -5.5669880321588021     
   2.1099999999999990       -5.6644205473577633     
   2.1199999999999988       -5.7618330246754388     
   2.1299999999999986       -5.8592251206826385     
   2.1399999999999983       -5.9565964922383161     
   2.1499999999999981       -6.0539467964943627     
   2.1599999999999979       -6.1512756909003876     
   2.1699999999999977       -6.2485828332084949     
   2.1799999999999975       -6.3458678814780445     
   2.1899999999999973       -6.4431304940804122     
   2.1999999999999971       -6.5403703297037330     
   2.2099999999999969       -6.6375870473576386     
   2.2199999999999966       -6.7347803063779850     
   2.2299999999999964       -6.8319497664315705     
   2.2399999999999962       -6.9290950875208424     
   2.2499999999999960       -7.0262159299885942     
   2.2599999999999958       -7.1233119545226549     
   2.2699999999999956       -7.2203828221605635     
   2.2799999999999954       -7.3174281942942372     
   2.2899999999999952       -7.4144477326746285     
   2.2999999999999949       -7.5114410994163681     
   2.3099999999999947       -7.6084079570024015     
   2.3199999999999945       -7.7053479682886108     
   2.3299999999999943       -7.8022607965084294     
   2.3399999999999941       -7.8991461052774419     
   2.3499999999999939       -7.9960035585979732     
   2.3599999999999937       -8.0928328208636682     
   2.3699999999999934       -8.1896335568640595     
   2.3799999999999932       -8.2864054317891185     
   2.3899999999999930       -8.3831481112338029     
   2.3999999999999928       -8.4798612612025845     
   2.4099999999999926       -8.5765445481139722     
   2.4199999999999924       -8.6731976388050143     
   2.4299999999999922       -8.7698202005357953     
   2.4399999999999920       -8.8664119009939171     
   2.4499999999999917       -8.9629724082989668     
   2.4599999999999915       -9.0595013910069770     
   2.4699999999999913       -9.1559985181148633     
   2.4799999999999911       -9.2524634590648631     
   2.4899999999999909       -9.3488958837489431     
   2.4999999999999907       -9.4452954625132115     
   2.5099999999999905       -9.5416618661623041     
   2.5199999999999902       -9.6379947659637644     
   2.5299999999999900       -9.7342938336524050     
   2.5399999999999898       -9.8305587414346576     
   2.5499999999999896       -9.9267891619929109     
   2.5599999999999894       -10.022984768489831     
   2.5699999999999892       -10.119145234572670     
   2.5799999999999890       -10.215270234377558     
   2.5899999999999888       -10.311359442533785     
   2.5999999999999885       -10.407412534168067     
   2.6099999999999883       -10.503429184908791     
   2.6199999999999881       -10.599409070890257     
   2.6299999999999879       -10.695351868756893     
   2.6399999999999877       -10.791257255667466     
   2.6499999999999875       -10.887124909299271     
   2.6599999999999873       -10.982954507852307     
   2.6699999999999871       -11.078745730053440     
   2.6799999999999868       -11.174498255160541     
   2.6899999999999866       -11.270211762966628     
   2.6999999999999864       -11.365885933803970     
   2.7099999999999862       -11.461520448548189     
   2.7199999999999860       -11.557114988622347     
   2.7299999999999858       -11.652669236001007     
   2.7399999999999856       -11.748182873214288     
   2.7499999999999853       -11.843655583351900     
   2.7599999999999851       -11.939087050067162     
   2.7699999999999849       -12.034476957581003     
   2.7799999999999847       -12.129824990685950     
   2.7899999999999845       -12.225130834750102     
   2.7999999999999843       -12.320394175721075     
   2.8099999999999841       -12.415614700129947     
   2.8199999999999839       -12.510792095095169     
   2.8299999999999836       -12.605926048326475     
   2.8399999999999834       -12.701016248128767     
   2.8499999999999832       -12.796062383405978     
   2.8599999999999830       -12.891064143664932     
   2.8699999999999828       -12.986021219019174     
   2.8799999999999826       -13.080933300192786     
   2.8899999999999824       -13.175800078524192     
   2.8999999999999821       -13.270621245969934     
   2.9099999999999819       -13.365396495108440     
   2.9199999999999817       -13.460125519143769     
   2.9299999999999815       -13.554808011909344     
   2.9399999999999813       -13.649443667871658     
   2.9499999999999811       -13.744032182133971     
   2.9599999999999809       -13.838573250439982     
   2.9699999999999807       -13.933066569177489     
   2.9799999999999804       -14.027511835382029     
   2.9899999999999802       -14.121908746740491     
   2.9999999999999800       -14.216257001594727     
   3.0099999999999798       -14.310556298945128     
   3.0199999999999796       -14.404806338454197     
   3.0299999999999794       -14.499006820450090     
   3.0399999999999792       -14.593157445930142     
   3.0499999999999790       -14.687257916564381     
   3.0599999999999787       -14.781307934699015     
   3.0699999999999785       -14.875307203359904     
   3.0799999999999783       -14.969255426256014     
   3.0899999999999781       -15.063152307782843     
   3.0999999999999779       -15.156997553025843     
   3.1099999999999777       -15.250790867763810     
   3.1199999999999775       -15.344531958472260     
   3.1299999999999772       -15.438220532326785     
   3.1399999999999770       -15.531856297206389     
   3.1499999999999768       -15.625438961696805     
