   0.0000000000000000       0.12854239055347086     
   1.0000000000000000E-002  0.25705452546236174     
   2.0000000000000000E-002  0.38553641896783164     
   2.9999999999999999E-002  0.51398808530098639     
   4.0000000000000001E-002  0.64240953868288775     
   5.0000000000000003E-002  0.77080079332456330     
   6.0000000000000005E-002  0.89916186342701565     
   7.0000000000000007E-002   1.0274927631812318     
   8.0000000000000002E-002   1.1557935067681930     
   8.9999999999999997E-002   1.2840641083588835     
   9.9999999999999992E-002   1.4123045821143005     
  0.10999999999999999        1.5405149421854634     
  0.11999999999999998        1.6686952027134225     
  0.12999999999999998        1.7968453778292695     
  0.13999999999999999        1.9249654816541459     
  0.14999999999999999        2.0530555282992533     
  0.16000000000000000        2.1811155318658617     
  0.17000000000000001        2.3091455064453195     
  0.18000000000000002        2.4371454661190621     
  0.19000000000000003        2.5651154249586221     
  0.20000000000000004        2.6930553970256383     
  0.21000000000000005        2.8209653963718644     
  0.22000000000000006        2.9488454370391790     
  0.23000000000000007        3.0766955330595946     
  0.24000000000000007        3.2045156984552667     
  0.25000000000000006        3.3323059472385030     
  0.26000000000000006        3.4600662934117725     
  0.27000000000000007        3.5877967509677156     
  0.28000000000000008        3.7154973338891524     
  0.29000000000000009        3.8431680561490920     
  0.30000000000000010        3.9708089317107418     
  0.31000000000000011        4.0984199745275172     
  0.32000000000000012        4.2260011985430488     
  0.33000000000000013        4.3535526176911947     
  0.34000000000000014        4.4810742458960471     
  0.35000000000000014        4.6085660970719422     
  0.36000000000000015        4.7360281851234696     
  0.37000000000000016        4.8634605239454816     
  0.38000000000000017        4.9908631274231006     
  0.39000000000000018        5.1182360094317296     
  0.40000000000000019        5.2455791838370622     
  0.41000000000000020        5.3728926644950903     
  0.42000000000000021        5.5001764652521121     
  0.43000000000000022        5.6274305999447440     
  0.44000000000000022        5.7546550823999274     
  0.45000000000000023        5.8818499264349384     
  0.46000000000000024        6.0090151458573962     
  0.47000000000000025        6.1361507544652740     
  0.48000000000000026        6.2632567660469052     
  0.49000000000000027        6.3903331943809949     
  0.50000000000000022        6.5173800532366277     
  0.51000000000000023        6.6443973563732772     
  0.52000000000000024        6.7713851175408131     
  0.53000000000000025        6.8983433504795126     
  0.54000000000000026        7.0252720689200681     
  0.55000000000000027        7.1521712865835951     
  0.56000000000000028        7.2790410171816449     
  0.57000000000000028        7.4058812744162088     
  0.58000000000000029        7.5326920719797288     
  0.59000000000000030        7.6594734235551085     
  0.60000000000000031        7.7862253428157189     
  0.61000000000000032        7.9129478434254095     
  0.62000000000000033        8.0396409390385148     
  0.63000000000000034        8.1663046432998652     
  0.64000000000000035        8.2929389698447959     
  0.65000000000000036        8.4195439322991525     
  0.66000000000000036        8.5461195442793052     
  0.67000000000000037        8.6726658193921544     
  0.68000000000000038        8.7991827712351380     
  0.69000000000000039        8.9256704133962419     
  0.70000000000000040        9.0521287594540087     
  0.71000000000000041        9.1785578229775489     
  0.72000000000000042        9.3049576175265454     
  0.73000000000000043        9.4313281566512632     
  0.74000000000000044        9.5576694538925615     
  0.75000000000000044        9.6839815227818971     
  0.76000000000000045        9.8102643768413369     
  0.77000000000000046        9.9365180295835653     
  0.78000000000000047        10.062742494511896     
  0.79000000000000048        10.188937785120274     
  0.80000000000000049        10.315103914893289     
  0.81000000000000050        10.441240897306184     
  0.82000000000000051        10.567348745824864     
  0.83000000000000052        10.693427473905901     
  0.84000000000000052        10.819477094996547     
  0.85000000000000053        10.945497622534740     
  0.86000000000000054        11.071489069949116     
  0.87000000000000055        11.197451450659013     
  0.88000000000000056        11.323384778074480     
  0.89000000000000057        11.449289065596291     
  0.90000000000000058        11.575164326615948     
  0.91000000000000059        11.701010574515688     
  0.92000000000000060        11.826827822668502     
  0.93000000000000060        11.952616084438132     
  0.94000000000000061        12.078375373179083     
  0.95000000000000062        12.204105702236635     
  0.96000000000000063        12.329807084946848     
  0.97000000000000064        12.455479534636574     
  0.98000000000000065        12.581123064623457     
  0.99000000000000066        12.706737688215950     
   1.0000000000000007        12.832323418713324     
   1.0100000000000007        12.957880269405671     
   1.0200000000000007        13.083408253573912     
   1.0300000000000007        13.208907384489814     
   1.0400000000000007        13.334377675415988     
   1.0500000000000007        13.459819139605905     
   1.0600000000000007        13.585231790303897     
   1.0700000000000007        13.710615640745175     
   1.0800000000000007        13.835970704155830     
   1.0900000000000007        13.961296993752843     
   1.1000000000000008        14.086594522744093     
   1.1100000000000008        14.211863304328370     
   1.1200000000000008        14.337103351695374     
   1.1300000000000008        14.462314678025734     
   1.1400000000000008        14.587497296491010     
   1.1500000000000008        14.712651220253703     
   1.1600000000000008        14.837776462467261     
   1.1700000000000008        14.962873036276090     
   1.1800000000000008        15.087940954815561     
   1.1900000000000008        15.212980231212022     
   1.2000000000000008        15.337990878582799     
   1.2100000000000009        15.462972910036211     
   1.2200000000000009        15.587926338671572     
   1.2300000000000009        15.712851177579207     
   1.2400000000000009        15.837747439840454     
   1.2500000000000009        15.962615138527674     
   1.2600000000000009        16.087454286704261     
   1.2700000000000009        16.212264897424646     
   1.2800000000000009        16.337046983734311     
   1.2900000000000009        16.461800558669793     
   1.3000000000000009        16.586525635258692     
   1.3100000000000009        16.711222226519681     
   1.3200000000000010        16.835890345462513     
   1.3300000000000010        16.960530005088032     
   1.3400000000000010        17.085141218388173     
   1.3500000000000010        17.209723998345986     
   1.3600000000000010        17.334278357935624     
   1.3700000000000010        17.458804310122368     
   1.3800000000000010        17.583301867862623     
   1.3900000000000010        17.707771044103936     
   1.4000000000000010        17.832211851784994     
   1.4100000000000010        17.956624303835646     
   1.4200000000000010        18.081008413176892     
   1.4300000000000010        18.205364192720911     
   1.4400000000000011        18.329691655371054     
   1.4500000000000011        18.453990814021861     
   1.4600000000000011        18.578261681559063     
   1.4700000000000011        18.702504270859595     
   1.4800000000000011        18.826718594791604     
   1.4900000000000011        18.950904666214445     
   1.5000000000000011        19.075062497978710     
   1.5100000000000011        19.199192102926219     
   1.5200000000000011        19.323293493890034     
   1.5300000000000011        19.447366683694469     
   1.5400000000000011        19.571411685155091     
   1.5500000000000012        19.695428511078738     
   1.5600000000000012        19.819417174263517     
   1.5700000000000012        19.943377687498820     
   1.5800000000000012        20.067310063565330     
   1.5900000000000012        20.191214315235019     
   1.6000000000000012        20.315090455271172     
   1.6100000000000012        20.438938496428385     
   1.6200000000000012        20.562758451452574     
   1.6300000000000012        20.686550333080984     
   1.6400000000000012        20.810314154042196     
   1.6500000000000012        20.934049927056137     
   1.6600000000000013        21.057757664834085     
   1.6700000000000013        21.181437380078680     
   1.6800000000000013        21.305089085483928     
   1.6900000000000013        21.428712793735215     
   1.7000000000000013        21.552308517509303     
   1.7100000000000013        21.675876269474355     
   1.7200000000000013        21.799416062289925     
   1.7300000000000013        21.922927908606976     
   1.7400000000000013        22.046411821067892     
   1.7500000000000013        22.169867812306471     
   1.7600000000000013        22.293295894947946     
   1.7700000000000014        22.416696081608986     
   1.7800000000000014        22.540068384897708     
   1.7900000000000014        22.663412817413683     
   1.8000000000000014        22.786729391747940     
   1.8100000000000014        22.910018120482981     
   1.8200000000000014        23.033279016192779     
   1.8300000000000014        23.156512091442799     
   1.8400000000000014        23.279717358789995     
   1.8500000000000014        23.402894830782817     
   1.8600000000000014        23.526044519961225     
   1.8700000000000014        23.649166438856696     
   1.8800000000000014        23.772260599992226     
   1.8900000000000015        23.895327015882348     
   1.9000000000000015        24.018365699033126     
   1.9100000000000015        24.141376661942171     
   1.9200000000000015        24.264359917098652     
   1.9300000000000015        24.387315476983293     
   1.9400000000000015        24.510243354068390     
   1.9500000000000015        24.633143560817814     
   1.9600000000000015        24.756016109687021     
   1.9700000000000015        24.878861013123057     
   1.9800000000000015        25.001678283564566     
   1.9900000000000015        25.124467933441800     
   2.0000000000000013        25.247229975176623     
   2.0100000000000011        25.369964421182523     
   2.0200000000000009        25.492671283864613     
   2.0300000000000007        25.615350575619651     
   2.0400000000000005        25.738002308836030     
   2.0500000000000003        25.860626495893797     
   2.0600000000000001        25.983223149164662     
   2.0699999999999998        26.105792281011997     
   2.0799999999999996        26.228333903790848     
   2.0899999999999994        26.350848029847945     
   2.0999999999999992        26.473334671521709     
   2.1099999999999990        26.595793841142253     
   2.1199999999999988        26.718225551031395     
   2.1299999999999986        26.840629813502666     
   2.1399999999999983        26.963006640861312     
   2.1499999999999981        27.085356045404311     
   2.1599999999999979        27.207678039420365     
   2.1699999999999977        27.329972635189929     
   2.1799999999999975        27.452239844985201     
   2.1899999999999973        27.574479681070134     
   2.1999999999999971        27.696692155700443     
   2.2099999999999969        27.818877281123616     
   2.2199999999999966        27.941035069578920     
   2.2299999999999964        28.063165533297404     
   2.2399999999999962        28.185268684501910     
   2.2499999999999960        28.307344535407083     
   2.2599999999999958        28.429393098219371     
   2.2699999999999956        28.551414385137043     
   2.2799999999999954        28.673408408350184     
   2.2899999999999952        28.795375180040711     
   2.2999999999999949        28.917314712382375     
   2.3099999999999947        29.039227017540775     
   2.3199999999999945        29.161112107673357     
   2.3299999999999943        29.282969994929431     
   2.3399999999999941        29.404800691450163     
   2.3499999999999939        29.526604209368603     
   2.3599999999999937        29.648380560809674     
   2.3699999999999934        29.770129757890189     
   2.3799999999999932        29.891851812718855     
   2.3899999999999930        30.013546737396283     
   2.3999999999999928        30.135214544014989     
   2.4099999999999926        30.256855244659409     
   2.4199999999999924        30.378468851405898     
   2.4299999999999922        30.500055376322749     
   2.4399999999999920        30.621614831470186     
   2.4499999999999917        30.743147228900384     
   2.4599999999999915        30.864652580657463     
   2.4699999999999913        30.986130898777510     
   2.4799999999999911        31.107582195288575     
   2.4899999999999909        31.229006482210682     
   2.4999999999999907        31.350403771555836     
   2.5099999999999905        31.471774075328028     
   2.5199999999999902        31.593117405523248     
   2.5299999999999900        31.714433774129485     
   2.5399999999999898        31.835723193126743     
   2.5499999999999896        31.956985674487033     
   2.5599999999999894        32.078221230174400     
   2.5699999999999892        32.199429872144904     
   2.5799999999999890        32.320611612346667     
   2.5899999999999888        32.441766462719833     
   2.5999999999999885        32.562894435196611     
   2.6099999999999883        32.683995541701258     
   2.6199999999999881        32.805069794150107     
   2.6299999999999879        32.926117204451565     
   2.6399999999999877        33.047137784506106     
   2.6499999999999875        33.168131546206311     
   2.6599999999999873        33.289098501436833     
   2.6699999999999871        33.410038662074442     
   2.6799999999999868        33.530952039988009     
   2.6899999999999866        33.651838647038524     
   2.6999999999999864        33.772698495079098     
   2.7099999999999862        33.893531595954968     
   2.7199999999999860        34.014337961503507     
   2.7299999999999858        34.135117603554235     
   2.7399999999999856        34.255870533928821     
   2.7499999999999853        34.376596764441089     
   2.7599999999999851        34.497296306897020     
   2.7699999999999849        34.617969173094785     
   2.7799999999999847        34.738615374824711     
   2.7899999999999845        34.859234923869323     
   2.7999999999999843        34.979827832003338     
   2.8099999999999841        35.100394110993662     
   2.8199999999999839        35.220933772599409     
   2.8299999999999836        35.341446828571911     
   2.8399999999999834        35.461933290654713     
   2.8499999999999832        35.582393170583593     
   2.8599999999999830        35.702826480086550     
   2.8699999999999828        35.823233230883837     
   2.8799999999999826        35.943613434687940     
   2.8899999999999824        36.063967103203602     
   2.8999999999999821        36.184294248127834     
   2.9099999999999819        36.304594881149910     
   2.9199999999999817        36.424869013951373     
   2.9299999999999815        36.545116658206048     
   2.9399999999999813        36.665337825580046     
   2.9499999999999811        36.785532527731782     
   2.9599999999999809        36.905700776311960     
   2.9699999999999807        37.025842582963598     
   2.9799999999999804        37.145957959322025     
   2.9899999999999802        37.266046917014897     
   2.9999999999999800        37.386109467662187     
   3.0099999999999798        37.506145622876218     
   3.0199999999999796        37.626155394261644     
   3.0299999999999794        37.746138793415469     
   3.0399999999999792        37.866095831927048     
   3.0499999999999790        37.986026521378108     
   3.0599999999999787        38.105930873342736     
   3.0699999999999785        38.225808899387395     
   3.0799999999999783        38.345660611070933     
   3.0899999999999781        38.465486019944585     
   3.0999999999999779        38.585285137551985     
   3.1099999999999777        38.705057975429156     
   3.1199999999999775        38.824804545104548     
   3.1299999999999772        38.944524858099008     
   3.1399999999999770        39.064218925925815     
   3.1499999999999768        39.183886760090680     
