   0.0000000000000000        1.1526973978730211     
   1.0000000000000000E-002   1.3043721002754740     
   2.0000000000000000E-002   1.4550246771947397     
   2.9999999999999999E-002   1.6046556944733896     
   4.0000000000000001E-002   1.7532657138178582     
   5.0000000000000003E-002   1.9008552928070443     
   6.0000000000000005E-002   2.0474249849008435     
   7.0000000000000007E-002   2.1929753394486098     
   8.0000000000000002E-002   2.3375069016975489     
   8.9999999999999997E-002   2.4810202128010408     
   9.9999999999999992E-002   2.6235158098268951     
  0.10999999999999999        2.7649942257655367     
  0.11999999999999998        2.9054559895381238     
  0.12999999999999998        3.0449016260045978     
  0.13999999999999999        3.1833316559716640     
  0.14999999999999999        3.3207465962007068     
  0.16000000000000000        3.4571469594156370     
  0.17000000000000001        3.5925332543106707     
  0.18000000000000002        3.7269059855580435     
  0.19000000000000003        3.8602656538156563     
  0.20000000000000004        3.9926127557346573     
  0.21000000000000005        4.1239477839669538     
  0.22000000000000006        4.2542712271726639     
  0.23000000000000007        4.3835835700274979     
  0.24000000000000007        4.5118852932300761     
  0.25000000000000006        4.6391768735091814     
  0.26000000000000006        4.7654587836309483     
  0.27000000000000007        4.8907314924059850     
  0.28000000000000008        5.0149954646964350     
  0.29000000000000009        5.1382511614229678     
  0.30000000000000010        5.2604990395717151     
  0.31000000000000011        5.3817395522011324     
  0.32000000000000012        5.5019731484488084     
  0.33000000000000013        5.6212002735382027     
  0.34000000000000014        5.7394213687853233     
  0.35000000000000014        5.8566368716053425     
  0.36000000000000015        5.9728472155191490     
  0.37000000000000016        6.0880528301598389     
  0.38000000000000017        6.2022541412791412     
  0.39000000000000018        6.3154515707537859     
  0.40000000000000019        6.4276455365918057     
  0.41000000000000020        6.5388364529387824     
  0.42000000000000021        6.6490247300840233     
  0.43000000000000022        6.7582107744666855     
  0.44000000000000022        6.8663949886818321     
  0.45000000000000023        6.9735777714864327     
  0.46000000000000024        7.0797595178053001     
  0.47000000000000025        7.1849406187369675     
  0.48000000000000026        7.2891214615595068     
  0.49000000000000027        7.3923024297362847     
  0.50000000000000022        7.4944839029216617     
  0.51000000000000023        7.5956662569666280     
  0.52000000000000024        7.6958498639243826     
  0.53000000000000025        7.7950350920558540     
  0.54000000000000026        7.8932223058351578     
  0.55000000000000027        7.9904118659549992     
  0.56000000000000028        8.0866041293320148     
  0.57000000000000028        8.1817994491120576     
  0.58000000000000029        8.2759981746754185     
  0.59000000000000030        8.3692006516419983     
  0.60000000000000031        8.4614072218764136     
  0.61000000000000032        8.5526182234930488     
  0.62000000000000033        8.6428339908610496     
  0.63000000000000034        8.7320548546092578     
  0.64000000000000035        8.8202811416310904     
  0.65000000000000036        8.9075131750893597     
  0.66000000000000036        8.9937512744210384     
  0.67000000000000037        9.0789957553419640     
  0.68000000000000038        9.1632469298514927     
  0.69000000000000039        9.2465051062370893     
  0.70000000000000040        9.3287705890788626     
  0.71000000000000041        9.4100436792540503     
  0.72000000000000042        9.4903246739414406     
  0.73000000000000043        9.5696138666257369     
  0.74000000000000044        9.6479115471018773     
  0.75000000000000044        9.7252180014792824     
  0.76000000000000045        9.8015335121860616     
  0.77000000000000046        9.8768583579731537     
  0.78000000000000047        9.9511928139184196     
  0.79000000000000048        10.024537151430673     
  0.80000000000000049        10.096891638253659     
  0.81000000000000050        10.168256538469983     
  0.82000000000000051        10.238632112504972     
  0.83000000000000052        10.308018617130493     
  0.84000000000000052        10.376416305468712     
  0.85000000000000053        10.443825426995796     
  0.86000000000000054        10.510246227545563     
  0.87000000000000055        10.575678949313081     
  0.88000000000000056        10.640123830858206     
  0.89000000000000057        10.703581107109072     
  0.90000000000000058        10.766051009365517     
  0.91000000000000059        10.827533765302475     
  0.92000000000000060        10.888029598973288     
  0.93000000000000060        10.947538730812987     
  0.94000000000000061        11.006061377641501     
  0.95000000000000062        11.063597752666833     
  0.96000000000000063        11.120148065488163     
  0.97000000000000064        11.175712522098905     
  0.98000000000000065        11.230291324889716     
  0.99000000000000066        11.283884672651446     
   1.0000000000000007        11.336492760578032     
   1.0100000000000007        11.388115780269350     
   1.0200000000000007        11.438753919734003     
   1.0300000000000007        11.488407363392062     
   1.0400000000000007        11.537076292077751     
   1.0500000000000007        11.584760883042085     
   1.0600000000000007        11.631461309955448     
   1.0700000000000007        11.677177742910123     
   1.0800000000000007        11.721910348422774     
   1.0900000000000007        11.765659289436863     
   1.1000000000000008        11.808424725325025     
   1.1100000000000008        11.850206811891391     
   1.1200000000000008        11.891005701373855     
   1.1300000000000008        11.930821542446285     
   1.1400000000000008        11.969654480220695     
   1.1500000000000008        12.007504656249354     
   1.1600000000000008        12.044372208526843     
   1.1700000000000008        12.080257271492068     
   1.1800000000000008        12.115159976030217     
   1.1900000000000008        12.149080449474665     
   1.2000000000000008        12.182018815608824     
   1.2100000000000009        12.213975194667952     
   1.2200000000000009        12.244949703340898     
   1.2300000000000009        12.274942454771804     
   1.2400000000000009        12.303953558561753     
   1.2500000000000009        12.331983120770367     
   1.2600000000000009        12.359031243917352     
   1.2700000000000009        12.385098026983988     
   1.2800000000000009        12.410183565414579     
   1.2900000000000009        12.434287951117842     
   1.3000000000000009        12.457411272468246     
   1.3100000000000009        12.479553614307308     
   1.3200000000000010        12.500715057944825     
   1.3300000000000010        12.520895681160066     
   1.3400000000000010        12.540095558202909     
   1.3500000000000010        12.558314759794927     
   1.3600000000000010        12.575553353130422     
   1.3700000000000010        12.591811401877411     
   1.3800000000000010        12.607088966178564     
   1.3900000000000010        12.621386102652076     
   1.4000000000000010        12.634702864392512     
   1.4100000000000010        12.647039300971581     
   1.4200000000000010        12.658395458438868     
   1.4300000000000010        12.668771379322518     
   1.4400000000000011        12.678167102629860     
   1.4500000000000011        12.686582663847995     
   1.4600000000000011        12.694018094944312     
   1.4700000000000011        12.700473424366978     
   1.4800000000000011        12.705948677045358     
   1.4900000000000011        12.710443874390396     
   1.5000000000000011        12.713959034294938     
   1.5100000000000011        12.716494171134011     
   1.5200000000000011        12.718049295765045     
   1.5300000000000011        12.718624415528053     
   1.5400000000000011        12.718219534245748     
   1.5500000000000012        12.716834652223623     
   1.5600000000000012        12.714469766249971     
   1.5700000000000012        12.711124869595862     
   1.5800000000000012        12.706799952015057     
   1.5900000000000012        12.701494999743890     
   1.6000000000000012        12.695209995501079     
   1.6100000000000012        12.687944918487508     
   1.6200000000000012        12.679699744385939     
   1.6300000000000012        12.670474445360684     
   1.6400000000000012        12.660268990057226     
   1.6500000000000012        12.649083343601784     
   1.6600000000000013        12.636917467600837     
   1.6700000000000013        12.623771320140584     
   1.6800000000000013        12.609644855786369     
   1.6900000000000013        12.594538025582043     
   1.7000000000000013        12.578450777049280     
   1.7100000000000013        12.561383054186843     
   1.7200000000000013        12.543334797469797     
   1.7300000000000013        12.524305943848676     
   1.7400000000000013        12.504296426748592     
   1.7500000000000013        12.483306176068304     
   1.7600000000000013        12.461335118179219     
   1.7700000000000014        12.438383175924365     
   1.7800000000000014        12.414450268617291     
   1.7900000000000014        12.389536312040930     
   1.8000000000000014        12.363641218446412     
   1.8100000000000014        12.336764896551813     
   1.8200000000000014        12.308907251540868     
   1.8300000000000014        12.280068185061619     
   1.8400000000000014        12.250247595225030     
   1.8500000000000014        12.219445376603531     
   1.8600000000000014        12.187661420229521     
   1.8700000000000014        12.154895613593826     
   1.8800000000000014        12.121147840644090     
   1.8900000000000015        12.086417981783130     
   1.9000000000000015        12.050705913867230     
   1.9100000000000015        12.014011510204384     
   1.9200000000000015        11.976334640552498     
   1.9300000000000015        11.937675171117526     
   1.9400000000000015        11.898032964551563     
   1.9500000000000015        11.857407879950886     
   1.9600000000000015        11.815799772853943     
   1.9700000000000015        11.773208495239285     
   1.9800000000000015        11.729633895523452     
   1.9900000000000015        11.685075818558811     
   2.0000000000000013        11.639534105631331     
   2.0100000000000011        11.593008594458311     
   2.0200000000000009        11.545499119186061     
   2.0300000000000007        11.497005510387526     
   2.0400000000000005        11.447527595059855     
   2.0500000000000003        11.397065196621924     
   2.0600000000000001        11.345618134911803     
   2.0699999999999998        11.293186226184172     
   2.0799999999999996        11.239769283107684     
   2.0899999999999994        11.185367114762274     
   2.0999999999999992        11.129979526636417     
   2.1099999999999990        11.073606320624334     
   2.1199999999999988        11.016247295023145     
   2.1299999999999986        10.957902244529965     
   2.1399999999999983        10.898570960238949     
   2.1499999999999981        10.838253229638294     
   2.1599999999999979        10.776948836607168     
   2.1699999999999977        10.714657561412603     
   2.1799999999999975        10.651379180706327     
   2.1899999999999973        10.587113467521542     
   2.1999999999999971        10.521860191269653     
   2.2099999999999969        10.455619117736937     
   2.2199999999999966        10.388390009081165     
   2.2299999999999964        10.320172623828165     
   2.2399999999999962        10.250966716868335     
   2.2499999999999960        10.180772039453094     
   2.2599999999999958        10.109588339191291     
   2.2699999999999956        10.037415360045550     
   2.2799999999999954        9.9642528423285661     
   2.2899999999999952        9.8901005226993401     
   2.2999999999999949        9.8149581341593688     
   2.3099999999999947        9.7388254060487700     
   2.3199999999999945        9.6617020640423608     
   2.3299999999999943        9.5835878301456727     
   2.3399999999999941        9.5044824226909235     
   2.3499999999999939        9.4243855563329202     
   2.3599999999999937        9.3432969420449172     
   2.3699999999999934        9.2612162871144115     
   2.3799999999999932        9.1781432951388879     
   2.3899999999999930        9.0940776660215068     
   2.3999999999999928        9.0090190959667318     
   2.4099999999999926        8.9229672774759088     
   2.4199999999999924        8.8359218993427806     
   2.4299999999999922        8.7478826466489519     
   2.4399999999999920        8.6588492007592972     
   2.4499999999999917        8.5688212393173071     
   2.4599999999999915        8.4777984362403807     
   2.4699999999999913        8.3857804617150649     
   2.4799999999999911        8.2927669821922301     
   2.4899999999999909        8.1987576603821921     
   2.4999999999999907        8.1037521552497758     
   2.5099999999999905        8.0077501220093232     
   2.5199999999999902        7.9107512121196413     
   2.5299999999999900        7.8127550732788924     
   2.5399999999999898        7.7137613494194293     
   2.5499999999999896        7.6137696807025677     
   2.5599999999999894        7.5127797035133046     
   2.5699999999999892        7.4107910504549759     
   2.5799999999999890        7.3078033503438542     
   2.5899999999999888        7.2038162282036922     
   2.5999999999999885        7.0988293052602014     
   2.6099999999999883        6.9928421989354765     
   2.6199999999999881        6.8858545228423571     
   2.6299999999999879        6.7778658867787316     
   2.6399999999999877        6.6688758967217820     
   2.6499999999999875        6.5588841548221666     
   2.6599999999999873        6.4478902593981422     
   2.6699999999999871        6.3358938049296318     
   2.6799999999999868        6.2228943820522238     
   2.6899999999999866        6.1088915775511152     
   2.6999999999999864        5.9938849743549953     
   2.7099999999999862        5.8778741515298645     
   2.7199999999999860        5.7608586842727920     
   2.7299999999999858        5.6428381439056174     
   2.7399999999999856        5.5238120978685838     
   2.7499999999999853        5.4037801097139138     
   2.7599999999999851        5.2827417390993201     
   2.7699999999999849        5.1606965417814585     
   2.7799999999999847        5.0376440696093132     
   2.7899999999999845        4.9135838705175221     
   2.7999999999999843        4.7885154885196393     
   2.8099999999999841        4.6624384637013341     
   2.8199999999999839        4.5353523322135256     
   2.8299999999999836        4.4072566262654576     
   2.8399999999999834        4.2781508741177037     
   2.8499999999999832        4.1480346000751132     
   2.8599999999999830        4.0169073244796909     
   2.8699999999999828        3.8847685637034135     
   2.8799999999999826        3.7516178301409790     
   2.8899999999999824        3.6174546322024947     
   2.8999999999999821        3.4822784743060966     
   2.9099999999999819        3.3460888568705061     
   2.9199999999999817        3.2088852763075191     
   2.9299999999999815        3.0706672250144305     
   2.9399999999999813        2.9314341913663919     
   2.9499999999999811        2.7911856597087032     
   2.9599999999999809        2.6499211103490374     
   2.9699999999999807        2.5076400195495987     
   2.9799999999999804        2.3643418595192136     
   2.9899999999999802        2.2200260984053544     
   2.9999999999999800        2.0746922002860946     
   3.0099999999999798        1.9283396251619975     
   3.0199999999999796        1.7809678289479358     
   3.0299999999999794        1.6325762634648424     
   3.0399999999999792        1.4831643764313938     
   3.0499999999999790        1.3327316114556229     
   3.0599999999999787        1.1812774080264643     
   3.0699999999999785        1.0288012015052281     
   3.0799999999999783       0.87530242311700568     
   3.0899999999999781       0.72078049994200377     
   3.0999999999999779       0.56523485490680969     
   3.1099999999999777       0.40866490677558465     
   3.1199999999999775       0.25107007014118654     
   3.1299999999999772        9.2449755416221580E-002
   3.1399999999999770       -6.7196631175975768E-002
