   0.00000000       0.00000000    
   9.99999978E-03   1.99950002E-02
   1.99999996E-02   3.99600230E-02
   2.99999993E-02   5.98651730E-02
   3.99999991E-02   7.96807408E-02
   4.99999970E-02   9.93772671E-02
   5.99999949E-02  0.118925616    
   6.99999928E-02  0.138297141    
   7.99999908E-02  0.157463640    
   8.99999887E-02  0.176397562    
   9.99999866E-02  0.195071995    
  0.109999985      0.213460818    
  0.119999982      0.231538624    
  0.129999980      0.249281153    
  0.139999986      0.266664833    
  0.149999991      0.283667356    
  0.159999996      0.300267398    
  0.170000002      0.316444725    
  0.180000007      0.332180709    
  0.190000013      0.347457558    
  0.200000018      0.362259030    
  0.210000023      0.376570284    
  0.220000029      0.390377879    
  0.230000034      0.403669864    
  0.240000039      0.416435808    
  0.250000030      0.428666651    
  0.260000020      0.440355122    
  0.270000011      0.451495439    
  0.280000001      0.462083548    
  0.289999992      0.472116768    
  0.299999982      0.481594384    
  0.309999973      0.490516871    
  0.319999963      0.498886883    
  0.329999954      0.506708264    
  0.339999944      0.513986707    
  0.349999934      0.520729542    
  0.359999925      0.526945472    
  0.369999915      0.532645106    
  0.379999906      0.537840128    
  0.389999896      0.542544127    
  0.399999887      0.546772242    
  0.409999877      0.550540447    
  0.419999868      0.553866744    
  0.429999858      0.556770444    
  0.439999849      0.559271455    
  0.449999839      0.561391830    
  0.459999830      0.563154101    
  0.469999820      0.564582467    
  0.479999810      0.565701604    
  0.489999801      0.566537380    
  0.499999791      0.567116797    
  0.509999812      0.567467630    
  0.519999802      0.567617953    
  0.529999793      0.567596972    
  0.539999783      0.567434251    
  0.549999774      0.567160010    
  0.559999764      0.566804707    
  0.569999754      0.566399395    
  0.579999745      0.565974891    
  0.589999735      0.565562725    
  0.599999726      0.565194130    
  0.609999716      0.564900219    
  0.619999707      0.564712346    
  0.629999697      0.564661384    
  0.639999688      0.564778030    
  0.649999678      0.565092385    
  0.659999669      0.565634251    
  0.669999659      0.566433072    
  0.679999650      0.567516983    
  0.689999640      0.568914056    
  0.699999630      0.570651174    
  0.709999621      0.572754383    
  0.719999611      0.575248718    
  0.729999602      0.578158200    
  0.739999592      0.581505895    
  0.749999583      0.585313380    
  0.759999573      0.589600921    
  0.769999564      0.594387710    
  0.779999554      0.599691391    
  0.789999545      0.605528355    
  0.799999535      0.611913085    
  0.809999526      0.618858933    
  0.819999516      0.626377344    
  0.829999506      0.634478331    
  0.839999497      0.643170238    
  0.849999487      0.652459443    
  0.859999478      0.662350893    
  0.869999468      0.672847509    
  0.879999459      0.683950782    
  0.889999449      0.695660293    
  0.899999440      0.707973599    
  0.909999430      0.720886588    
  0.919999421      0.734393597    
  0.929999411      0.748487175    
  0.939999402      0.763157487    
  0.949999392      0.778393745    
  0.959999382      0.794183016    
  0.969999373      0.810510874    
  0.979999363      0.827360868    
  0.989999354      0.844715357    
  0.999999344      0.862554908    
   1.00999939      0.880858481    
   1.01999938      0.899604023    
   1.02999938      0.918767095    
   1.03999937      0.938323140    
   1.04999936      0.958244801    
   1.05999935      0.978505611    
   1.06999934      0.999075294    
   1.07999933       1.01992512    
   1.08999932       1.04102302    
   1.09999931       1.06233811    
   1.10999930       1.08383679    
   1.11999929       1.10548639    
   1.12999928       1.12725186    
   1.13999927       1.14909971    
   1.14999926       1.17099380    
   1.15999925       1.19289947    
   1.16999924       1.21478009    
   1.17999923       1.23660064    
   1.18999922       1.25832415    
   1.19999921       1.27991581    
   1.20999920       1.30133879    
   1.21999919       1.32255852    
   1.22999918       1.34353900    
   1.23999918       1.36424601    
   1.24999917       1.38464487    
   1.25999916       1.40470266    
   1.26999915       1.42438602    
   1.27999914       1.44366384    
   1.28999913       1.46250415    
   1.29999912       1.48087800    
   1.30999911       1.49875593    
   1.31999910       1.51611090    
   1.32999909       1.53291607    
   1.33999908       1.54914784    
   1.34999907       1.56478167    
   1.35999906       1.57979655    
   1.36999905       1.59417188    
   1.37999904       1.60788989    
   1.38999903       1.62093306    
   1.39999902       1.63328755    
   1.40999901       1.64493978    
   1.41999900       1.65587938    
   1.42999899       1.66609693    
   1.43999898       1.67558575    
   1.44999897       1.68434072    
   1.45999897       1.69235957    
   1.46999896       1.69964111    
   1.47999895       1.70618749    
   1.48999894       1.71200204    
   1.49999893       1.71709061    
   1.50999892       1.72146106    
   1.51999891       1.72512412    
   1.52999890       1.72809172    
   1.53999889       1.73037851    
   1.54999888       1.73200130    
   1.55999887       1.73297858    
   1.56999886       1.73333144    
   1.57999885       1.73308253    
   1.58999884       1.73225653    
   1.59999883       1.73088062    
   1.60999882       1.72898304    
   1.61999881       1.72659445    
   1.62999880       1.72374666    
   1.63999879       1.72047400    
   1.64999878       1.71681166    
   1.65999877       1.71279705    
   1.66999876       1.70846796    
   1.67999876       1.70386469    
   1.68999875       1.69902802    
   1.69999874       1.69399965    
   1.70999873       1.68882358    
   1.71999872       1.68354273    
   1.72999871       1.67820323    
   1.73999870       1.67285001    
   1.74999869       1.66752923    
   1.75999868       1.66228735    
   1.76999867       1.65717185    
   1.77999866       1.65222955    
   1.78999865       1.64750767    
   1.79999864       1.64305341    
   1.80999863       1.63891387    
   1.81999862       1.63513589    
   1.82999861       1.63176525    
   1.83999860       1.62884772    
   1.84999859       1.62642860    
   1.85999858       1.62455201    
   1.86999857       1.62326074    
   1.87999856       1.62259674    
   1.88999856       1.62260163    
   1.89999855       1.62331402    
   1.90999854       1.62477219    
   1.91999853       1.62701225    
   1.92999852       1.63006914    
   1.93999851       1.63397598    
   1.94999850       1.63876283    
   1.95999849       1.64445865    
   1.96999848       1.65109062    
   1.97999847       1.65868223    
   1.98999846       1.66725600    
   1.99999845       1.67683113    
   2.00999856       1.68742502    
   2.01999855       1.69905126    
   2.02999854       1.71172118    
   2.03999853       1.72544456    
   2.04999852       1.74022722    
   2.05999851       1.75607109    
   2.06999850       1.77297711    
   2.07999849       1.79094243    
   2.08999848       1.80996084    
   2.09999847       1.83002269    
   2.10999846       1.85111642    
   2.11999846       1.87322700    
   2.12999845       1.89633560    
   2.13999844       1.92042005    
   2.14999843       1.94545639    
   2.15999842       1.97141695    
   2.16999841       1.99827003    
   2.17999840       2.02598119    
   2.18999839       2.05451465    
   2.19999838       2.08382988    
   2.20999837       2.11388326    
   2.21999836       2.14462852    
   2.22999835       2.17601776    
   2.23999834       2.20799899    
   2.24999833       2.24051809    
   2.25999832       2.27351737    
   2.26999831       2.30693817    
   2.27999830       2.34071779    
   2.28999829       2.37479281    
   2.29999828       2.40909624    
   2.30999827       2.44355965    
   2.31999826       2.47811222    
   2.32999825       2.51268196    
   2.33999825       2.54719400    
   2.34999824       2.58157349    
   2.35999823       2.61574292    
   2.36999822       2.64962316    
   2.37999821       2.68313527    
   2.38999820       2.71619868    
   2.39999819       2.74873114    
   2.40999818       2.78065157    
   2.41999817       2.81187630    
   2.42999816       2.84232211    
   2.43999815       2.87190676    
   2.44999814       2.90054631    
   2.45999813       2.92815804    
   2.46999812       2.95465899    
   2.47999811       2.97996712    
   2.48999810       3.00400114    
   2.49999809       3.02667952    
   2.50999808       3.04792309    
   2.51999807       3.06765342    
   2.52999806       3.08579350    
   2.53999805       3.10226727    
   2.54999804       3.11700177    
   2.55999804       3.12992358    
   2.56999803       3.14096498    
   2.57999802       3.15005612    
   2.58999801       3.15713310    
   2.59999800       3.16213250    
   2.60999799       3.16499376    
   2.61999798       3.16565967    
   2.62999797       3.16407633    
   2.63999796       3.16019154    
   2.64999795       3.15395808    
   2.65999794       3.14533019    
   2.66999793       3.13426709    
   2.67999792       3.12073040    
   2.68999791       3.10468602    
   2.69999790       3.08610368    
   2.70999789       3.06495643    
   2.71999788       3.04122162    
   2.72999787       3.01488113    
   2.73999786       2.98591948    
   2.74999785       2.95432711    
   2.75999784       2.92009664    
   2.76999784       2.88322592    
   2.77999783       2.84371758    
   2.78999782       2.80157804    
   2.79999781       2.75681734    
   2.80999780       2.70945120    
   2.81999779       2.65949798    
   2.82999778       2.60698247    
   2.83999777       2.55193090    
   2.84999776       2.49437594    
   2.85999775       2.43435478    
   2.86999774       2.37190676    
   2.87999773       2.30707645    
   2.88999772       2.23991299    
   2.89999771       2.17046881    
   2.90999770       2.09880018    
   2.91999769       2.02496767    
   2.92999768       1.94903505    
   2.93999767       1.87107015    
   2.94999766       1.79114449    
   2.95999765       1.70933199    
   2.96999764       1.62571132    
   2.97999763       1.54036331    
   2.98999763       1.45337200    
   2.99999762       1.36482418    
   3.00999761       1.27480960    
   3.01999760       1.18342090    
   3.02999759       1.09075272    
   3.03999758      0.996901631    
   3.04999757      0.901967227    
   3.05999756      0.806050360    
   3.06999755      0.709253669    
   3.07999754      0.611681402    
   3.08999753      0.513439059    
   3.09999752      0.414633989    
   3.10999751      0.315373778    
   3.11999750      0.215766832    
   3.12999749      0.115922980    
   3.13999748       1.59516372E-02
   3.14999747      -8.40372443E-02
   3.15999746     -0.183933705    
   3.16999745     -0.283628196    
   3.17999744     -0.383010805    
   3.18999743     -0.481972843    
   3.19999743     -0.580406487    
   3.20999742     -0.678204298    
   3.21999741     -0.775259495    
   3.22999740     -0.871468008    
   3.23999739     -0.966727197    
   3.24999738      -1.06093478    
   3.25999737      -1.15399134    
   3.26999736      -1.24579823    
   3.27999735      -1.33626139    
   3.28999734      -1.42528725    
   3.29999733      -1.51278448    
   3.30999732      -1.59866583    
   3.31999731      -1.68284678    
   3.32999730      -1.76524496    
   3.33999729      -1.84578049    
   3.34999728      -1.92437887    
   3.35999727      -2.00096750    
   3.36999726      -2.07547736    
   3.37999725      -2.14784288    
   3.38999724      -2.21800280    
   3.39999723      -2.28589988    
   3.40999722      -2.35148025    
   3.41999722      -2.41469336    
   3.42999721      -2.47549343    
   3.43999720      -2.53383923    
   3.44999719      -2.58969283    
   3.45999718      -2.64302087    
   3.46999717      -2.69379425    
   3.47999716      -2.74198794    
   3.48999715      -2.78758216    
   3.49999714      -2.83055902    
   3.50999713      -2.87090755    
   3.51999712      -2.90862060    
   3.52999711      -2.94369292    
   3.53999710      -2.97612691    
   3.54999709      -3.00592685    
   3.55999708      -3.03310204    
   3.56999707      -3.05766654    
   3.57999706      -3.07963634    
   3.58999705      -3.09903431    
   3.59999704      -3.11588573    
   3.60999703      -3.13021827    
   3.61999702      -3.14206696    
   3.62999701      -3.15146780    
   3.63999701      -3.15846014    
   3.64999700      -3.16308928    
   3.65999699      -3.16540146    
   3.66999698      -3.16544724    
   3.67999697      -3.16328025    
   3.68999696      -3.15895653    
   3.69999695      -3.15253615    
   3.70999694      -3.14408064    
   3.71999693      -3.13365388    
   3.72999692      -3.12132478    
   3.73999691      -3.10716009    
   3.74999690      -3.09123349    
   3.75999689      -3.07361698    
   3.76999688      -3.05438542    
   3.77999687      -3.03361654    
   3.78999686      -3.01138735    
   3.79999685      -2.98777723    
   3.80999684      -2.96286702    
   3.81999683      -2.93673778    
   3.82999682      -2.90947104    
   3.83999681      -2.88115048    
   3.84999681      -2.85185790    
   3.85999680      -2.82167768    
   3.86999679      -2.79069281    
   3.87999678      -2.75898552    
   3.88999677      -2.72663927    
   3.89999676      -2.69373608    
   3.90999675      -2.66035843    
   3.91999674      -2.62658691    
   3.92999673      -2.59250069    
   3.93999672      -2.55818033    
   3.94999671      -2.52370262    
   3.95999670      -2.48914289    
   3.96999669      -2.45457673    
   3.97999668      -2.42007756    
   3.98999667      -2.38571525    
   3.99999666      -2.35155988    
   4.00999689      -2.31767821    
   4.01999712      -2.28413486    
   4.02999735      -2.25099397    
   4.03999758      -2.21831465    
   4.04999781      -2.18615532    
   4.05999804      -2.15457082    
   4.06999826      -2.12361360    
   4.07999849      -2.09333372    
   4.08999872      -2.06377769    
   4.09999895      -2.03499007    
   4.10999918      -2.00701141    
   4.11999941      -1.97988045    
   4.12999964      -1.95363152    
   4.13999987      -1.92829704    
   4.15000010      -1.90390539    
   4.16000032      -1.88048291    
   4.17000055      -1.85805202    
   4.18000078      -1.83663154    
   4.19000101      -1.81623912    
   4.20000124      -1.79688644    
   4.21000147      -1.77858484    
   4.22000170      -1.76134026    
   4.23000193      -1.74515748    
   4.24000216      -1.73003685    
   4.25000238      -1.71597660    
   4.26000261      -1.70297098    
   4.27000284      -1.69101346    
   4.28000307      -1.68009222    
   4.29000330      -1.67019439    
   4.30000353      -1.66130388    
   4.31000376      -1.65340161    
   4.32000399      -1.64646614    
   4.33000422      -1.64047503    
   4.34000444      -1.63540184    
   4.35000467      -1.63121843    
   4.36000490      -1.62789440    
   4.37000513      -1.62539792    
   4.38000536      -1.62369454    
   4.39000559      -1.62274897    
   4.40000582      -1.62252355    
   4.41000605      -1.62297916    
   4.42000628      -1.62407529    
   4.43000650      -1.62577057    
   4.44000673      -1.62802172    
   4.45000696      -1.63078570    
   4.46000719      -1.63401723    
   4.47000742      -1.63767076    
   4.48000765      -1.64170063    
   4.49000788      -1.64606011    
   4.50000811      -1.65070224    
   4.51000834      -1.65557981    
   4.52000856      -1.66064560    
   4.53000879      -1.66585219    
   4.54000902      -1.67115307    
   4.55000925      -1.67650127    
   4.56000948      -1.68185031    
   4.57000971      -1.68715477    
   4.58000994      -1.69236922    
   4.59001017      -1.69744933    
   4.60001040      -1.70235157    
   4.61001062      -1.70703375    
   4.62001085      -1.71145427    
   4.63001108      -1.71557331    
   4.64001131      -1.71935129    
   4.65001154      -1.72275186    
   4.66001177      -1.72573841    
   4.67001200      -1.72827613    
   4.68001223      -1.73033321    
   4.69001245      -1.73187792    
   4.70001268      -1.73288167    
   4.71001291      -1.73331642    
   4.72001314      -1.73315716    
   4.73001337      -1.73238039    
   4.74001360      -1.73096466    
   4.75001383      -1.72889030    
   4.76001406      -1.72614014    
   4.77001429      -1.72269928    
   4.78001451      -1.71855426    
   4.79001474      -1.71369421    
   4.80001497      -1.70811069    
   4.81001520      -1.70179689    
   4.82001543      -1.69474852    
   4.83001566      -1.68696332    
   4.84001589      -1.67844129    
   4.85001612      -1.66918445    
   4.86001635      -1.65919709    
   4.87001657      -1.64848542    
   4.88001680      -1.63705766    
   4.89001703      -1.62492406    
   4.90001726      -1.61209726    
   4.91001749      -1.59859121    
   4.92001772      -1.58442175    
   4.93001795      -1.56960714    
   4.94001818      -1.55416679    
   4.95001841      -1.53812182    
   4.96001863      -1.52149522    
   4.97001886      -1.50431108    
   4.98001909      -1.48659539    
   4.99001932      -1.46837533    
   5.00001955      -1.44967902    
   5.01001978      -1.43053603    
   5.02002001      -1.41097724    
   5.03002024      -1.39103401    
   5.04002047      -1.37073898    
   5.05002069      -1.35012555    
   5.06002092      -1.32922721    
   5.07002115      -1.30807912    
   5.08002138      -1.28671575    
   5.09002161      -1.26517344    
   5.10002184      -1.24348700    
   5.11002207      -1.22169280    
   5.12002230      -1.19982672    
   5.13002253      -1.17792475    
   5.14002275      -1.15602255    
   5.15002298      -1.13415575    
   5.16002321      -1.11235976    
   5.17002344      -1.09066927    
   5.18002367      -1.06911874    
   5.19002390      -1.04774165    
   5.20002413      -1.02657104    
   5.21002436      -1.00563896    
   5.22002459     -0.984976768    
   5.23002481     -0.964614809    
   5.24002504     -0.944582343    
   5.25002527     -0.924907327    
   5.26002550     -0.905616820    
   5.27002573     -0.886736274    
   5.28002596     -0.868290186    
   5.29002619     -0.850301087    
   5.30002642     -0.832790852    
   5.31002665     -0.815778971    
   5.32002687     -0.799284041    
   5.33002710     -0.783322453    
   5.34002733     -0.767909765    
   5.35002756     -0.753058910    
   5.36002779     -0.738781989    
   5.37002802     -0.725088358    
   5.38002825     -0.711986780    
   5.39002848     -0.699483275    
   5.40002871     -0.687582493    
   5.41002893     -0.676287532    
   5.42002916     -0.665598989    
   5.43002939     -0.655516624    
   5.44002962     -0.646037459    
   5.45002985     -0.637157440    
   5.46003008     -0.628870606    
   5.47003031     -0.621169150    
   5.48003054     -0.614043713    
   5.49003077     -0.607483149    
   5.50003099     -0.601474643    
   5.51003122     -0.596004248    
   5.52003145     -0.591056108    
   5.53003168     -0.586612940    
   5.54003191     -0.582656145    
   5.55003214     -0.579165637    
   5.56003237     -0.576120257    
   5.57003260     -0.573497474    
   5.58003283     -0.571273506    
   5.59003305     -0.569423676    
   5.60003328     -0.567922235    
   5.61003351     -0.566742539    
   5.62003374     -0.565856874    
   5.63003397     -0.565237164    
   5.64003420     -0.564854145    
   5.65003443     -0.564678431    
   5.66003466     -0.564680040    
   5.67003489     -0.564827979    
   5.68003511     -0.565091789    
   5.69003534     -0.565440297    
   5.70003557     -0.565842092    
   5.71003580     -0.566266060    
   5.72003603     -0.566680908    
   5.73003626     -0.567055285    
   5.74003649     -0.567358315    
   5.75003672     -0.567559361    
   5.76003695     -0.567628264    
   5.77003717     -0.567534983    
   5.78003740     -0.567250490    
   5.79003763     -0.566746116    
   5.80003786     -0.565993786    
   5.81003809     -0.564966619    
   5.82003832     -0.563638449    
   5.83003855     -0.561983764    
   5.84003878     -0.559978485    
   5.85003901     -0.557599485    
   5.86003923     -0.554824829    
   5.87003946     -0.551633477    
   5.88003969     -0.548006117    
   5.89003992     -0.543924451    
   5.90004015     -0.539371729    
   5.91004038     -0.534332395    
   5.92004061     -0.528792858    
   5.93004084     -0.522740364    
   5.94004107     -0.516164005    
   5.95004129     -0.509054661    
   5.96004152     -0.501404524    
   5.97004175     -0.493207306    
   5.98004198     -0.484458506    
   5.99004221     -0.475155383    
   6.00004244     -0.465296507    
   6.01004267     -0.454882383    
   6.02004290     -0.443914920    
   6.03004313     -0.432397932    
   6.04004335     -0.420336455    
   6.05004358     -0.407737464    
   6.06004381     -0.394609451    
   6.07004404     -0.380962312    
   6.08004427     -0.366807550    
   6.09004450     -0.352158129    
   6.10004473     -0.337028533    
   6.11004496     -0.321434647    
   6.12004519     -0.305393547    
   6.13004541     -0.288923770    
   6.14004564     -0.272045016    
   6.15004587     -0.254778266    
   6.16004610     -0.237145528    
   6.17004633     -0.219169930    
   6.18004656     -0.200875640    
   6.19004679     -0.182287648    
   6.20004702     -0.163431853    
   6.21004725     -0.144334987    
   6.22004747     -0.125024319    
   6.23004770     -0.105527937    
   6.24004793      -8.58743489E-02
   6.25004816      -6.60925210E-02
   6.26004839      -4.62118313E-02
   6.27004862      -2.62619201E-02
   6.28004885      -6.27263868E-03
