   0.00000000       0.00000000    
   9.99999978E-03   9.99999978E-03
   1.99999996E-02   1.99999996E-02
   2.99999993E-02   2.99999993E-02
   3.99999991E-02   3.99999991E-02
   4.99999970E-02   4.99999970E-02
   5.99999949E-02   5.99999949E-02
   6.99999928E-02   6.99999928E-02
   7.99999908E-02   7.99999908E-02
   8.99999887E-02   8.99999887E-02
   9.99999866E-02   9.99999866E-02
  0.109999985      0.109999985    
  0.119999982      0.119999982    
  0.129999980      0.129999980    
  0.139999986      0.139999986    
  0.149999991      0.149999991    
  0.159999996      0.159999996    
  0.170000002      0.170000002    
  0.180000007      0.180000007    
  0.190000013      0.190000013    
  0.200000018      0.200000018    
  0.210000023      0.210000023    
  0.220000029      0.220000029    
  0.230000034      0.230000034    
  0.240000039      0.240000039    
  0.250000030      0.250000030    
  0.260000020      0.260000020    
  0.270000011      0.270000011    
  0.280000001      0.280000001    
  0.289999992      0.289999992    
  0.299999982      0.299999982    
  0.309999973      0.309999973    
  0.319999963      0.319999963    
  0.329999954      0.329999954    
  0.339999944      0.339999944    
  0.349999934      0.349999934    
  0.359999925      0.359999925    
  0.369999915      0.369999915    
  0.379999906      0.379999906    
  0.389999896      0.389999896    
  0.399999887      0.399999887    
  0.409999877      0.409999877    
  0.419999868      0.419999868    
  0.429999858      0.429999858    
  0.439999849      0.439999849    
  0.449999839      0.449999839    
  0.459999830      0.459999830    
  0.469999820      0.469999820    
  0.479999810      0.479999810    
  0.489999801      0.489999801    
  0.499999791      0.499999791    
  0.509999812      0.509999812    
  0.519999802      0.519999802    
  0.529999793      0.529999793    
  0.539999783      0.539999783    
  0.549999774      0.549999774    
  0.559999764      0.559999764    
  0.569999754      0.569999754    
  0.579999745      0.579999745    
  0.589999735      0.589999735    
  0.599999726      0.599999726    
  0.609999716      0.609999716    
  0.619999707      0.619999707    
  0.629999697      0.629999697    
  0.639999688      0.639999688    
  0.649999678      0.649999678    
  0.659999669      0.659999669    
  0.669999659      0.669999659    
  0.679999650      0.679999650    
  0.689999640      0.689999640    
  0.699999630      0.699999630    
  0.709999621      0.709999621    
  0.719999611      0.719999611    
  0.729999602      0.729999602    
  0.739999592      0.739999592    
  0.749999583      0.749999583    
  0.759999573      0.759999573    
  0.769999564      0.769999564    
  0.779999554      0.779999554    
  0.789999545      0.789999545    
  0.799999535      0.799999535    
  0.809999526      0.809999526    
  0.819999516      0.819999516    
  0.829999506      0.829999506    
  0.839999497      0.839999497    
  0.849999487      0.849999487    
  0.859999478      0.859999478    
  0.869999468      0.869999468    
  0.879999459      0.879999459    
  0.889999449      0.889999449    
  0.899999440      0.899999440    
  0.909999430      0.909999430    
  0.919999421      0.919999421    
  0.929999411      0.929999411    
  0.939999402      0.939999402    
  0.949999392      0.949999392    
  0.959999382      0.959999382    
  0.969999373      0.969999373    
  0.979999363      0.979999363    
  0.989999354      0.989999354    
  0.999999344      0.999999344    
   1.00999939       1.00999939    
   1.01999938       1.01999938    
   1.02999938       1.02999938    
   1.03999937       1.03999937    
   1.04999936       1.04999936    
   1.05999935       1.05999935    
   1.06999934       1.06999934    
   1.07999933       1.07999933    
   1.08999932       1.08999932    
   1.09999931       1.09999931    
   1.10999930       1.10999930    
   1.11999929       1.11999929    
   1.12999928       1.12999928    
   1.13999927       1.13999927    
   1.14999926       1.14999926    
   1.15999925       1.15999925    
   1.16999924       1.16999924    
   1.17999923       1.17999923    
   1.18999922       1.18999922    
   1.19999921       1.19999921    
   1.20999920       1.20999920    
   1.21999919       1.21999919    
   1.22999918       1.22999918    
   1.23999918       1.23999918    
   1.24999917       1.24999917    
   1.25999916       1.25999916    
   1.26999915       1.26999915    
   1.27999914       1.27999914    
   1.28999913       1.28999913    
   1.29999912       1.29999912    
   1.30999911       1.30999911    
   1.31999910       1.31999910    
   1.32999909       1.32999909    
   1.33999908       1.33999908    
   1.34999907       1.34999907    
   1.35999906       1.35999906    
   1.36999905       1.36999905    
   1.37999904       1.37999904    
   1.38999903       1.38999903    
   1.39999902       1.39999902    
   1.40999901       1.40999901    
   1.41999900       1.41999900    
   1.42999899       1.42999899    
   1.43999898       1.43999898    
   1.44999897       1.44999897    
   1.45999897       1.45999897    
   1.46999896       1.46999896    
   1.47999895       1.47999895    
   1.48999894       1.48999894    
   1.49999893       1.49999893    
   1.50999892       1.50999892    
   1.51999891       1.51999891    
   1.52999890       1.52999890    
   1.53999889       1.53999889    
   1.54999888       1.54999888    
   1.55999887       1.55999887    
   1.56999886       1.56999886    
   1.57999885       1.57999885    
   1.58999884       1.58999884    
   1.59999883       1.59999883    
   1.60999882       1.60999882    
   1.61999881       1.61999881    
   1.62999880       1.62999880    
   1.63999879       1.63999879    
   1.64999878       1.64999878    
   1.65999877       1.65999877    
   1.66999876       1.66999876    
   1.67999876       1.67999876    
   1.68999875       1.68999875    
   1.69999874       1.69999874    
   1.70999873       1.70999873    
   1.71999872       1.71999872    
   1.72999871       1.72999871    
   1.73999870       1.73999870    
   1.74999869       1.74999869    
   1.75999868       1.75999868    
   1.76999867       1.76999867    
   1.77999866       1.77999866    
   1.78999865       1.78999865    
   1.79999864       1.79999864    
   1.80999863       1.80999863    
   1.81999862       1.81999862    
   1.82999861       1.82999861    
   1.83999860       1.83999860    
   1.84999859       1.84999859    
   1.85999858       1.85999858    
   1.86999857       1.86999857    
   1.87999856       1.87999856    
   1.88999856       1.88999856    
   1.89999855       1.89999855    
   1.90999854       1.90999854    
   1.91999853       1.91999853    
   1.92999852       1.92999852    
   1.93999851       1.93999851    
   1.94999850       1.94999850    
   1.95999849       1.95999849    
   1.96999848       1.96999848    
   1.97999847       1.97999847    
   1.98999846       1.98999846    
   1.99999845       1.99999845    
   2.00999856       2.00999856    
   2.01999855       2.01999855    
   2.02999854       2.02999854    
   2.03999853       2.03999853    
   2.04999852       2.04999852    
   2.05999851       2.05999851    
   2.06999850       2.06999850    
   2.07999849       2.07999849    
   2.08999848       2.08999848    
   2.09999847       2.09999847    
   2.10999846       2.10999846    
   2.11999846       2.11999846    
   2.12999845       2.12999845    
   2.13999844       2.13999844    
   2.14999843       2.14999843    
   2.15999842       2.15999842    
   2.16999841       2.16999841    
   2.17999840       2.17999840    
   2.18999839       2.18999839    
   2.19999838       2.19999838    
   2.20999837       2.20999837    
   2.21999836       2.21999836    
   2.22999835       2.22999835    
   2.23999834       2.23999834    
   2.24999833       2.24999833    
   2.25999832       2.25999832    
   2.26999831       2.26999831    
   2.27999830       2.27999830    
   2.28999829       2.28999829    
   2.29999828       2.29999828    
   2.30999827       2.30999827    
   2.31999826       2.31999826    
   2.32999825       2.32999825    
   2.33999825       2.33999825    
   2.34999824       2.34999824    
   2.35999823       2.35999823    
   2.36999822       2.36999822    
   2.37999821       2.37999821    
   2.38999820       2.38999820    
   2.39999819       2.39999819    
   2.40999818       2.40999818    
   2.41999817       2.41999817    
   2.42999816       2.42999816    
   2.43999815       2.43999815    
   2.44999814       2.44999814    
   2.45999813       2.45999813    
   2.46999812       2.46999812    
   2.47999811       2.47999811    
   2.48999810       2.48999810    
   2.49999809       2.49999809    
   2.50999808       2.50999808    
   2.51999807       2.51999807    
   2.52999806       2.52999806    
   2.53999805       2.53999805    
   2.54999804       2.54999804    
   2.55999804       2.55999804    
   2.56999803       2.56999803    
   2.57999802       2.57999802    
   2.58999801       2.58999801    
   2.59999800       2.59999800    
   2.60999799       2.60999799    
   2.61999798       2.61999798    
   2.62999797       2.62999797    
   2.63999796       2.63999796    
   2.64999795       2.64999795    
   2.65999794       2.65999794    
   2.66999793       2.66999793    
   2.67999792       2.67999792    
   2.68999791       2.68999791    
   2.69999790       2.69999790    
   2.70999789       2.70999789    
   2.71999788       2.71999788    
   2.72999787       2.72999787    
   2.73999786       2.73999786    
   2.74999785       2.74999785    
   2.75999784       2.75999784    
   2.76999784       2.76999784    
   2.77999783       2.77999783    
   2.78999782       2.78999782    
   2.79999781       2.79999781    
   2.80999780       2.80999780    
   2.81999779       2.81999779    
   2.82999778       2.82999778    
   2.83999777       2.83999777    
   2.84999776       2.84999776    
   2.85999775       2.85999775    
   2.86999774       2.86999774    
   2.87999773       2.87999773    
   2.88999772       2.88999772    
   2.89999771       2.89999771    
   2.90999770       2.90999770    
   2.91999769       2.91999769    
   2.92999768       2.92999768    
   2.93999767       2.93999767    
   2.94999766       2.94999766    
   2.95999765       2.95999765    
   2.96999764       2.96999764    
   2.97999763       2.97999763    
   2.98999763       2.98999763    
   2.99999762       2.99999762    
   3.00999761       3.00999761    
   3.01999760       3.01999760    
   3.02999759       3.02999759    
   3.03999758       3.03999758    
   3.04999757       3.04999757    
   3.05999756       3.05999756    
   3.06999755       3.06999755    
   3.07999754       3.07999754    
   3.08999753       3.08999753    
   3.09999752       3.09999752    
   3.10999751       3.10999751    
   3.11999750       3.11999750    
   3.12999749       3.12999749    
   3.13999748       3.13999748    
   3.14999747      -3.13318801    
   3.15999746      -3.12318802    
   3.16999745      -3.11318803    
   3.17999744      -3.10318804    
   3.18999743      -3.09318805    
   3.19999743      -3.08318806    
   3.20999742      -3.07318807    
   3.21999741      -3.06318808    
   3.22999740      -3.05318809    
   3.23999739      -3.04318810    
   3.24999738      -3.03318810    
   3.25999737      -3.02318811    
   3.26999736      -3.01318812    
   3.27999735      -3.00318813    
   3.28999734      -2.99318814    
   3.29999733      -2.98318815    
   3.30999732      -2.97318816    
   3.31999731      -2.96318817    
   3.32999730      -2.95318818    
   3.33999729      -2.94318819    
   3.34999728      -2.93318820    
   3.35999727      -2.92318821    
   3.36999726      -2.91318822    
   3.37999725      -2.90318823    
   3.38999724      -2.89318824    
   3.39999723      -2.88318825    
   3.40999722      -2.87318826    
   3.41999722      -2.86318827    
   3.42999721      -2.85318828    
   3.43999720      -2.84318829    
   3.44999719      -2.83318830    
   3.45999718      -2.82318830    
   3.46999717      -2.81318831    
   3.47999716      -2.80318832    
   3.48999715      -2.79318833    
   3.49999714      -2.78318834    
   3.50999713      -2.77318835    
   3.51999712      -2.76318836    
   3.52999711      -2.75318837    
   3.53999710      -2.74318838    
   3.54999709      -2.73318839    
   3.55999708      -2.72318840    
   3.56999707      -2.71318841    
   3.57999706      -2.70318842    
   3.58999705      -2.69318843    
   3.59999704      -2.68318844    
   3.60999703      -2.67318845    
   3.61999702      -2.66318846    
   3.62999701      -2.65318847    
   3.63999701      -2.64318848    
   3.64999700      -2.63318849    
   3.65999699      -2.62318850    
   3.66999698      -2.61318851    
   3.67999697      -2.60318851    
   3.68999696      -2.59318852    
   3.69999695      -2.58318853    
   3.70999694      -2.57318854    
   3.71999693      -2.56318855    
   3.72999692      -2.55318856    
   3.73999691      -2.54318857    
   3.74999690      -2.53318858    
   3.75999689      -2.52318859    
   3.76999688      -2.51318860    
   3.77999687      -2.50318861    
   3.78999686      -2.49318862    
   3.79999685      -2.48318863    
   3.80999684      -2.47318864    
   3.81999683      -2.46318865    
   3.82999682      -2.45318866    
   3.83999681      -2.44318867    
   3.84999681      -2.43318868    
   3.85999680      -2.42318869    
   3.86999679      -2.41318870    
   3.87999678      -2.40318871    
   3.88999677      -2.39318871    
   3.89999676      -2.38318872    
   3.90999675      -2.37318873    
   3.91999674      -2.36318874    
   3.92999673      -2.35318875    
   3.93999672      -2.34318876    
   3.94999671      -2.33318877    
   3.95999670      -2.32318878    
   3.96999669      -2.31318879    
   3.97999668      -2.30318880    
   3.98999667      -2.29318881    
   3.99999666      -2.28318882    
   4.00999689      -2.27318859    
   4.01999712      -2.26318836    
   4.02999735      -2.25318813    
   4.03999758      -2.24318790    
   4.04999781      -2.23318768    
   4.05999804      -2.22318745    
   4.06999826      -2.21318722    
   4.07999849      -2.20318699    
   4.08999872      -2.19318676    
   4.09999895      -2.18318653    
   4.10999918      -2.17318630    
   4.11999941      -2.16318607    
   4.12999964      -2.15318584    
   4.13999987      -2.14318562    
   4.15000010      -2.13318539    
   4.16000032      -2.12318516    
   4.17000055      -2.11318493    
   4.18000078      -2.10318470    
   4.19000101      -2.09318447    
   4.20000124      -2.08318424    
   4.21000147      -2.07318401    
   4.22000170      -2.06318378    
   4.23000193      -2.05318356    
   4.24000216      -2.04318333    
   4.25000238      -2.03318310    
   4.26000261      -2.02318287    
   4.27000284      -2.01318264    
   4.28000307      -2.00318241    
   4.29000330      -1.99318218    
   4.30000353      -1.98318195    
   4.31000376      -1.97318172    
   4.32000399      -1.96318150    
   4.33000422      -1.95318127    
   4.34000444      -1.94318104    
   4.35000467      -1.93318081    
   4.36000490      -1.92318058    
   4.37000513      -1.91318035    
   4.38000536      -1.90318012    
   4.39000559      -1.89317989    
   4.40000582      -1.88317966    
   4.41000605      -1.87317944    
   4.42000628      -1.86317921    
   4.43000650      -1.85317898    
   4.44000673      -1.84317875    
   4.45000696      -1.83317852    
   4.46000719      -1.82317829    
   4.47000742      -1.81317806    
   4.48000765      -1.80317783    
   4.49000788      -1.79317760    
   4.50000811      -1.78317738    
   4.51000834      -1.77317715    
   4.52000856      -1.76317692    
   4.53000879      -1.75317669    
   4.54000902      -1.74317646    
   4.55000925      -1.73317623    
   4.56000948      -1.72317600    
   4.57000971      -1.71317577    
   4.58000994      -1.70317554    
   4.59001017      -1.69317532    
   4.60001040      -1.68317509    
   4.61001062      -1.67317486    
   4.62001085      -1.66317463    
   4.63001108      -1.65317440    
   4.64001131      -1.64317417    
   4.65001154      -1.63317394    
   4.66001177      -1.62317371    
   4.67001200      -1.61317348    
   4.68001223      -1.60317326    
   4.69001245      -1.59317303    
   4.70001268      -1.58317280    
   4.71001291      -1.57317257    
   4.72001314      -1.56317234    
   4.73001337      -1.55317211    
   4.74001360      -1.54317188    
   4.75001383      -1.53317165    
   4.76001406      -1.52317142    
   4.77001429      -1.51317120    
   4.78001451      -1.50317097    
   4.79001474      -1.49317074    
   4.80001497      -1.48317051    
   4.81001520      -1.47317028    
   4.82001543      -1.46317005    
   4.83001566      -1.45316982    
   4.84001589      -1.44316959    
   4.85001612      -1.43316936    
   4.86001635      -1.42316914    
   4.87001657      -1.41316891    
   4.88001680      -1.40316868    
   4.89001703      -1.39316845    
   4.90001726      -1.38316822    
   4.91001749      -1.37316799    
   4.92001772      -1.36316776    
   4.93001795      -1.35316753    
   4.94001818      -1.34316730    
   4.95001841      -1.33316708    
   4.96001863      -1.32316685    
   4.97001886      -1.31316662    
   4.98001909      -1.30316639    
   4.99001932      -1.29316616    
   5.00001955      -1.28316593    
   5.01001978      -1.27316570    
   5.02002001      -1.26316547    
   5.03002024      -1.25316525    
   5.04002047      -1.24316502    
   5.05002069      -1.23316479    
   5.06002092      -1.22316456    
   5.07002115      -1.21316433    
   5.08002138      -1.20316410    
   5.09002161      -1.19316387    
   5.10002184      -1.18316364    
   5.11002207      -1.17316341    
   5.12002230      -1.16316319    
   5.13002253      -1.15316296    
   5.14002275      -1.14316273    
   5.15002298      -1.13316250    
   5.16002321      -1.12316227    
   5.17002344      -1.11316204    
   5.18002367      -1.10316181    
   5.19002390      -1.09316158    
   5.20002413      -1.08316135    
   5.21002436      -1.07316113    
   5.22002459      -1.06316090    
   5.23002481      -1.05316067    
   5.24002504      -1.04316044    
   5.25002527      -1.03316021    
   5.26002550      -1.02315998    
   5.27002573      -1.01315975    
   5.28002596      -1.00315952    
   5.29002619     -0.993159294    
   5.30002642     -0.983159065    
   5.31002665     -0.973158836    
   5.32002687     -0.963158607    
   5.33002710     -0.953158379    
   5.34002733     -0.943158150    
   5.35002756     -0.933157921    
   5.36002779     -0.923157692    
   5.37002802     -0.913157463    
   5.38002825     -0.903157234    
   5.39002848     -0.893157005    
   5.40002871     -0.883156776    
   5.41002893     -0.873156548    
   5.42002916     -0.863156319    
   5.43002939     -0.853156090    
   5.44002962     -0.843155861    
   5.45002985     -0.833155632    
   5.46003008     -0.823155403    
   5.47003031     -0.813155174    
   5.48003054     -0.803154945    
   5.49003077     -0.793154716    
   5.50003099     -0.783154488    
   5.51003122     -0.773154259    
   5.52003145     -0.763154030    
   5.53003168     -0.753153801    
   5.54003191     -0.743153572    
   5.55003214     -0.733153343    
   5.56003237     -0.723153114    
   5.57003260     -0.713152885    
   5.58003283     -0.703152657    
   5.59003305     -0.693152428    
   5.60003328     -0.683152199    
   5.61003351     -0.673151970    
   5.62003374     -0.663151741    
   5.63003397     -0.653151512    
   5.64003420     -0.643151283    
   5.65003443     -0.633151054    
   5.66003466     -0.623150826    
   5.67003489     -0.613150597    
   5.68003511     -0.603150368    
   5.69003534     -0.593150139    
   5.70003557     -0.583149910    
   5.71003580     -0.573149681    
   5.72003603     -0.563149452    
   5.73003626     -0.553149223    
   5.74003649     -0.543148994    
   5.75003672     -0.533148766    
   5.76003695     -0.523148537    
   5.77003717     -0.513148308    
   5.78003740     -0.503148079    
   5.79003763     -0.493147850    
   5.80003786     -0.483147621    
   5.81003809     -0.473147392    
   5.82003832     -0.463147163    
   5.83003855     -0.453146935    
   5.84003878     -0.443146706    
   5.85003901     -0.433146477    
   5.86003923     -0.423146248    
   5.87003946     -0.413146019    
   5.88003969     -0.403145790    
   5.89003992     -0.393145561    
   5.90004015     -0.383145332    
   5.91004038     -0.373145103    
   5.92004061     -0.363144875    
   5.93004084     -0.353144646    
   5.94004107     -0.343144417    
   5.95004129     -0.333144188    
   5.96004152     -0.323143959    
   5.97004175     -0.313143730    
   5.98004198     -0.303143501    
   5.99004221     -0.293143272    
   6.00004244     -0.283143044    
   6.01004267     -0.273142815    
   6.02004290     -0.263142586    
   6.03004313     -0.253142357    
   6.04004335     -0.243142128    
   6.05004358     -0.233141899    
   6.06004381     -0.223141670    
   6.07004404     -0.213141441    
   6.08004427     -0.203141212    
   6.09004450     -0.193140984    
   6.10004473     -0.183140755    
   6.11004496     -0.173140526    
   6.12004519     -0.163140297    
   6.13004541     -0.153140068    
   6.14004564     -0.143139839    
   6.15004587     -0.133139610    
   6.16004610     -0.123139381    
   6.17004633     -0.113139153    
   6.18004656     -0.103138924    
   6.19004679      -9.31386948E-02
   6.20004702      -8.31384659E-02
   6.21004725      -7.31382370E-02
   6.22004747      -6.31380081E-02
   6.23004770      -5.31377792E-02
   6.24004793      -4.31375504E-02
   6.25004816      -3.31373215E-02
   6.26004839      -2.31370926E-02
   6.27004862      -1.31368637E-02
   6.28004885      -3.13663483E-03
