   0.0000000000000000        6.2515625000000004     
  0.10000000000000001        6.2515593765624979     
  0.20000000000000001        6.2515531421781247     
  0.30000000000000004        6.2515438217781814     
  0.40000000000000002        6.2515314526349464     
  0.50000000000000000        6.2515160842126223     
  0.59999999999999998        6.2514977779695355     
  0.69999999999999996        6.2514766071123473     
  0.79999999999999993        6.2514526563033161     
  0.89999999999999991        6.2514260213217279     
  0.99999999999999989        6.2513968086808731     
   1.0999999999999999        6.2513651352021053     
   1.2000000000000000        6.2513311275476635     
   1.3000000000000000        6.2512949217141589     
   1.4000000000000001        6.2512566624887214     
   1.5000000000000002        6.2512165028699886     
   1.6000000000000003        6.2511746034562776     
   1.7000000000000004        6.2511311318033478     
   1.8000000000000005        6.2510862617543346     
   1.9000000000000006        6.2510401727445668     
   2.0000000000000004        6.2509930490839931     
   2.1000000000000005        6.2509450792201324     
   2.2000000000000006        6.2508964549844714     
   2.3000000000000007        6.2508473708253272     
   2.4000000000000008        6.2507980230302529     
   2.5000000000000009        6.2507486089410804     
   2.6000000000000010        6.2506993261647530     
   2.7000000000000011        6.2506503717830917     
   2.8000000000000012        6.2506019415646694     
   2.9000000000000012        6.2505542291819296     
   3.0000000000000013        6.2505074254366910     
   3.1000000000000014        6.2504617174971333     
   3.2000000000000015        6.2504172881493041     
   3.3000000000000016        6.2503743150661650     
   3.4000000000000017        6.2503329700970767     
   3.5000000000000018        6.2502934185805703     
   3.6000000000000019        6.2502558186831596     
   3.7000000000000020        6.2502203207668350     
   3.8000000000000020        6.2501870667877633     
   3.9000000000000021        6.2501561897286075     
   4.0000000000000018        6.2501278130667259     
   4.1000000000000014        6.2501020502803941     
   4.2000000000000011        6.2500790043949870     
   4.3000000000000007        6.2500587675710078     
   4.4000000000000004        6.2500414207355108     
   4.5000000000000000        6.2500270332584922     
   4.5999999999999996        6.2500156626754730     
   4.6999999999999993        6.2500073544574137     
   4.7999999999999989        6.2500021418288796     
   4.8999999999999986        6.2500000456351721     
   4.9999999999999982        6.2500010742589680     
   5.0999999999999979        6.2500052235868049     
   5.1999999999999975        6.2500124770255159     
   5.2999999999999972        6.2500228055686033     
   5.3999999999999968        6.2500361679122216     
   5.4999999999999964        6.2500525106203586     
   5.5999999999999961        6.2500717683385254     
   5.6999999999999957        6.2500938640551054     
   5.7999999999999954        6.2501187094093291     
   5.8999999999999950        6.2501462050446257     
   5.9999999999999947        6.2501762410059483     
   6.0999999999999943        6.2502086971794881     
   6.1999999999999940        6.2502434437730070     
   6.2999999999999936        6.2502803418348787     
   6.3999999999999932        6.2503192438097503     
   6.4999999999999929        6.2503599941286287     
   6.5999999999999925        6.2504024298309870     
   6.6999999999999922        6.2504463812164497     
   6.7999999999999918        6.2504916725234274     
   6.8999999999999915        6.2505381226319852     
   6.9999999999999911        6.2505855457881374     
   7.0999999999999908        6.2506337523466815     
   7.1999999999999904        6.2506825495295937     
   7.2999999999999901        6.2507317421969351     
   7.3999999999999897        6.2507811336272319     
   7.4999999999999893        6.2508305263041528     
   7.5999999999999890        6.2508797227063848     
   7.6999999999999886        6.2509285260975123     
   7.7999999999999883        6.2509767413127761     
   7.8999999999999879        6.2510241755395288     
   7.9999999999999876        6.2510706390883009     
   8.0999999999999872        6.2511159461513577     
   8.1999999999999869        6.2511599155457551     
   8.2999999999999865        6.2512023714378850     
   8.3999999999999861        6.2512431440466365     
   8.4999999999999858        6.2512820703223433     
   8.5999999999999854        6.2513189945988321     
   8.6999999999999851        6.2513537692159211     
   8.7999999999999847        6.2513862551099137     
   8.8999999999999844        6.2514163223697246     
   8.9999999999999840        6.2514438507563783     
   9.0999999999999837        6.2514687301838565     
   9.1999999999999833        6.2514908611593274     
   9.2999999999999829        6.2515101551810233     
   9.3999999999999826        6.2515265350921485     
   9.4999999999999822        6.2515399353894425     
   9.5999999999999819        6.2515503024851142     
   9.6999999999999815        6.2515575949211479     
   9.7999999999999812        6.2515617835350916     
   9.8999999999999808        6.2515628515766775     
   9.9999999999999805        6.2515607947748100     
   10.099999999999980        6.2515556213546377     
   10.199999999999980        6.2515473520046676     
   10.299999999999979        6.2515360197940293     
   10.399999999999979        6.2515216700402352     
   10.499999999999979        6.2515043601279512     
   10.599999999999978        6.2514841592795154     
   10.699999999999978        6.2514611482781222     
   10.799999999999978        6.2514354191447623     
   10.899999999999977        6.2514070747702428     
   10.999999999999977        6.2513762285037178     
   11.099999999999977        6.2513430036994055     
   11.199999999999976        6.2513075332232999     
   11.299999999999976        6.2512699589218332     
   11.399999999999975        6.2512304310546396     
   11.499999999999975        6.2511891076936594     
   11.599999999999975        6.2511461540910105     
   11.699999999999974        6.2511017420181521     
   11.799999999999974        6.2510560490789615     
   11.899999999999974        6.2510092579995060     
   11.999999999999973        6.2509615558973097     
   12.099999999999973        6.2509131335330803     
   12.199999999999973        6.2508641845478508     
   12.299999999999972        6.2508149046886157     
   12.399999999999972        6.2507654910255308     
   12.499999999999972        6.2507161411638350     
   12.599999999999971        6.2506670524536245     
   12.699999999999971        6.2506184212006524     
   12.799999999999971        6.2505704418812993     
   12.899999999999970        6.2505233063648609     
   12.999999999999970        6.2504772031462705     
   13.099999999999969        6.2504323165922990     
   13.199999999999969        6.2503888262042739     
   13.299999999999969        6.2503469059002583     
   13.399999999999968        6.2503067233195466     
   13.499999999999968        6.2502684391522800     
   13.599999999999968        6.2502322064968432     
   13.699999999999967        6.2501981702476268     
   13.799999999999967        6.2501664665155889     
   13.899999999999967        6.2501372220839562     
   13.999999999999966        6.2501105539012096     
   14.099999999999966        6.2500865686134111     
   14.199999999999966        6.2500653621377280     
   14.299999999999965        6.2500470192788562     
   14.399999999999965        6.2500316133898890     
   14.499999999999964        6.2500192060789752     
   14.599999999999964        6.2500098469629517     
   14.699999999999964        6.2500035734689217     
   14.799999999999963        6.2500004106845903     
   14.899999999999963        6.2500003712579311     
   14.999999999999963        6.2500034553466115     
   15.099999999999962        6.2500096506173612     
   15.199999999999962        6.2500189322952933     
   15.299999999999962        6.2500312632629758     
   15.399999999999961        6.2500465942088681     
   15.499999999999961        6.2500648638245195     
   15.599999999999961        6.2500859990497366     
   15.699999999999960        6.2501099153647548     
   15.799999999999960        6.2501365171282295     
   15.899999999999959        6.2501656979597078     
   15.999999999999959        6.2501973411650456     
   16.099999999999959        6.2502313202030635     
   16.199999999999960        6.2502674991915903     
   16.299999999999962        6.2503057334508494     
   16.399999999999963        6.2503458700820387     
   16.499999999999964        6.2503877485787687     
   16.599999999999966        6.2504312014689329     
   16.699999999999967        6.2504760549844232     
   16.799999999999969        6.2505221297560283     
   16.899999999999970        6.2505692415307417     
   16.999999999999972        6.2506172019085735     
   17.099999999999973        6.2506658190959730     
   17.199999999999974        6.2507148986728076     
   17.299999999999976        6.2507642443698490     
   17.399999999999977        6.2508136588536569     
   17.499999999999979        6.2508629445157071     
   17.599999999999980        6.2509119042626393     
   17.699999999999982        6.2509603423044258     
   17.799999999999983        6.2510080649373352     
   17.899999999999984        6.2510548813185629     
   17.999999999999986        6.2511006042293946     
   18.099999999999987        6.2511450508239150     
   18.199999999999989        6.2511880433601901     
   18.299999999999990        6.2512294099110672     
   18.399999999999991        6.2512689850517118     
   18.499999999999993        6.2513066105211319     
   18.599999999999994        6.2513421358550811     
   18.699999999999996        6.2513754189877453     
   18.799999999999997        6.2514063268198772     
   18.899999999999999        6.2514347357510545     
   19.000000000000000        6.2514605321739642     
   19.100000000000001        6.2514836129287099     
   19.200000000000003        6.2515038857153558     
   19.300000000000004        6.2515212694630238     
   19.400000000000006        6.2515356946541099     
   19.500000000000007        6.2515471036022738     
   19.600000000000009        6.2515554506831323     
   19.700000000000010        6.2515607025167093     
   19.800000000000011        6.2515628381009227     
   19.900000000000013        6.2515618488955704     
   20.000000000000014        6.2515577388564845     
   20.100000000000016        6.2515505244197094     
   20.200000000000017        6.2515402344357813     
   20.300000000000018        6.2515269100543440     
   20.400000000000020        6.2515106045595985     
   20.500000000000021        6.2514913831572212     
   20.600000000000023        6.2514693227135965     
   20.700000000000024        6.2514445114484420     
   20.800000000000026        6.2514170485820042     
   20.900000000000027        6.2513870439382870     
   21.000000000000028        6.2513546175058607     
   21.100000000000030        6.2513198989580285     
   21.200000000000031        6.2512830271342619     
   21.300000000000033        6.2512441494849860     
   21.400000000000034        6.2512034214819190     
   21.500000000000036        6.2511610059963472     
   21.600000000000037        6.2511170726477960     
   21.700000000000038        6.2510717971257259     
   21.800000000000040        6.2510253604869508     
   21.900000000000041        6.2509779484315873     
   22.000000000000043        6.2509297505604451     
   22.100000000000044        6.2508809596168131     
   22.200000000000045        6.2508317707156742     
   22.300000000000047        6.2507823805634413     
   22.400000000000048        6.2507329866713359     
   22.500000000000050        6.2506837865655331     
   22.600000000000051        6.2506349769972545     
   22.700000000000053        6.2505867531559627     
   22.800000000000054        6.2505393078888005     
   22.900000000000055        6.2504928309293923     
   23.000000000000057        6.2504475081390964     
   23.100000000000058        6.2504035207637516     
   23.200000000000060        6.2503610447088720     
   23.300000000000061        6.2503202498362036     
   23.400000000000063        6.2502812992844392     
   23.500000000000064        6.2502443488168371     
   23.600000000000065        6.2502095461983140     
   23.700000000000067        6.2501770306045454     
   23.800000000000068        6.2501469320653902     
   23.900000000000070        6.2501193709449039     
   24.000000000000071        6.2500944574600084     
   24.100000000000072        6.2500722912397322     
   24.200000000000074        6.2500529609267881     
   24.300000000000075        6.2500365438230965     
   24.400000000000077        6.2500231055806568     
   24.500000000000078        6.2500126999390000     
   24.600000000000080        6.2500053685102879     
   24.700000000000081        6.2500011406129028     
   24.800000000000082        6.2500000331542065     
   24.900000000000084        6.2500020505629275     
   25.000000000000085        6.2500071847714471     
   25.100000000000087        6.2500154152480647     
   25.200000000000088        6.2500267090791057     
   25.300000000000090        6.2500410211005413     
   25.400000000000091        6.2500582940785936     
   25.500000000000092        6.2500784589386251     
   25.600000000000094        6.2501014350413620     
   25.700000000000095        6.2501271305053674     
   25.800000000000097        6.2501554425744832     
   25.900000000000098        6.2501862580287435     
   26.000000000000099        6.2502194536371460     
   26.100000000000101        6.2502548966504525     
   26.200000000000102        6.2502924453320547     
   26.300000000000104        6.2503319495247744     
   26.400000000000105        6.2503732512513439     
   26.500000000000107        6.2504161853461611     
   26.600000000000108        6.2504605801157780     
   26.700000000000109        6.2505062580255135     
   26.800000000000111        6.2505530364094026     
   26.900000000000112        6.2506007282006903     
   27.000000000000114        6.2506491426799053     
   27.100000000000115        6.2506980862375414     
   27.200000000000117        6.2507473631483137     
   27.300000000000118        6.2507967763538570     
   27.400000000000119        6.2508461282507612     
   27.500000000000121        6.2508952214807909     
   27.600000000000122        6.2509438597201177     
   27.700000000000124        6.2509918484644249     
   27.800000000000125        6.2510389958067218     
   27.900000000000126        6.2510851132047858     
   28.000000000000128        6.2511300162351473     
   28.100000000000129        6.2511735253305840     
   28.200000000000131        6.2512154664982242     
   28.300000000000132        6.2512556720153363     
   28.400000000000134        6.2512939811000612     
   28.500000000000135        6.2513302405543651     
   28.600000000000136        6.2513643053766925     
   28.700000000000138        6.2513960393418193     
   28.800000000000139        6.2514253155456174     
   28.900000000000141        6.2514520169125483     
   29.000000000000142        6.2514760366638473     
   29.100000000000144        6.2514972787445249     
   29.200000000000145        6.2515156582075031     
   29.300000000000146        6.2515311015533106     
   29.400000000000148        6.2515435470240055     
   29.500000000000149        6.2515529448501521     
   29.600000000000151        6.2515592574498422     
   29.700000000000152        6.2515624595789916     
   29.800000000000153        6.2515625384322862     
   29.900000000000155        6.2515594936943879     
   30.000000000000156        6.2515533375412060     
   30.100000000000158        6.2515440945911980     
   30.200000000000159        6.2515318018069177     
   30.300000000000161        6.2515165083472128     
   30.400000000000162        6.2514982753706292     
   30.500000000000163        6.2514771757908365     
   30.600000000000165        6.2514532939850582     
   30.700000000000166        6.2514267254566311     
   30.800000000000168        6.2513975764531047     
   30.900000000000169        6.2513659635413417     
   31.000000000000171        6.2513320131413774     
   31.100000000000172        6.2512958610208598     
   31.200000000000173        6.2512576517521206     
   31.300000000000175        6.2512175381340223     
   31.400000000000176        6.2511756805809284     
   31.500000000000178        6.2511322464811911     
   31.600000000000179        6.2510874095277753     
   31.700000000000180        6.2510413490236587     
   31.800000000000182        6.2509942491647958     
   31.900000000000183        6.2509462983035231     
   32.000000000000185        6.2508976881953338     
   32.100000000000186        6.2508486132320504     
   32.200000000000188        6.2507992696644541     
   32.300000000000189        6.2507498548174683     
   32.400000000000190        6.2507005663010684     
   32.500000000000192        6.2506516012200297     
   32.600000000000193        6.2506031553857113     
   32.700000000000195        6.2505554225330080     
   32.800000000000196        6.2505085935455931     
   32.900000000000198        6.2504628556925903     
   33.000000000000199        6.2504183918796725     
   33.100000000000200        6.2503753799176289     
   33.200000000000202        6.2503339918112957     
   33.300000000000203        6.2502943930717052     
   33.400000000000205        6.2502567420542237     
   33.500000000000206        6.2502211893252664     
   33.600000000000207        6.2501878770601982     
   33.700000000000209        6.2501569384747659     
   33.800000000000210        6.2501284972923727     
   33.900000000000212        6.2501026672493083     
   34.000000000000213        6.2500795516399119     
   34.100000000000215        6.2500592429035091     
   34.200000000000216        6.2500418222547349     
   34.300000000000217        6.2500273593587652     
   34.400000000000219        6.2500159120527181     
   34.500000000000220        6.2500075261143726     
   34.600000000000222        6.2500022350790960     
   34.700000000000223        6.2500000601057373     
   34.800000000000225        6.2500010098920171     
   34.900000000000226        6.2500050806397391     
   35.000000000000227        6.2500122560699829     
   35.100000000000229        6.2500225074882012     
   35.200000000000230        6.2500357938989737     
   35.300000000000232        6.2500520621699458     
   35.400000000000233        6.2500712472442999     
   35.500000000000234        6.2500932724009255     
   35.600000000000236        6.2501180495612196     
   35.700000000000237        6.2501454796413158     
   35.800000000000239        6.2501754529483273     
   35.900000000000240        6.2502078496189997     
   36.000000000000242        6.2502425400990447     
   36.100000000000243        6.2502793856612335     
   36.200000000000244        6.2503182389601637     
   36.300000000000246        6.2503589446214907     
   36.400000000000247        6.2504013398632789     
   36.500000000000249        6.2504452551469525     
   36.600000000000250        6.2504905148552936     
   36.700000000000252        6.2505369379947284     
   36.800000000000253        6.2505843389191238     
   36.900000000000254        6.2506325280721802     
   37.000000000000256        6.2506813127454759     
   37.100000000000257        6.2507304978491014     
   37.200000000000259        6.2507798866918298     
   37.300000000000260        6.2508292817676772     
   37.400000000000261        6.2508784855457371     
   37.500000000000263        6.2509273012600977     
   37.600000000000264        6.2509755336967192     
   37.700000000000266        6.2510229899740901     
   37.800000000000267        6.2510694803145528     
   37.900000000000269        6.2511148188032379     
   38.000000000000270        6.2511588241315277     
   38.100000000000271        6.2512013203221146     
   38.200000000000273        6.2512421374327367     
   38.300000000000274        6.2512811122357625     
   38.400000000000276        6.2513180888709572     
   38.500000000000277        6.2513529194687596     
   38.600000000000279        6.2513854647416061     
   38.700000000000280        6.2514155945409504     
   38.800000000000281        6.2514431883777233     
   38.900000000000283        6.2514681359041777     
   39.000000000000284        6.2514903373551505     
   39.100000000000286        6.2515097039470398     
   39.200000000000287        6.2515261582328456     
   39.300000000000288        6.2515396344118761     
   39.400000000000290        6.2515500785928957     
   39.500000000000291        6.2515574490096197     
   39.600000000000293        6.2515617161877559     
   39.700000000000294        6.2515628630628557     
   39.800000000000296        6.2515608850485682     
   39.900000000000297        6.2515557900549714     
   40.000000000000298        6.2515475984569449     
   40.100000000000300        6.2515363430126900     
   40.200000000000301        6.2515220687327266     
   40.300000000000303        6.2515048326999008     
   40.400000000000304        6.2514847038411085     
   40.500000000000306        6.2514617626516547     
   40.600000000000307        6.2514361008733577     
   40.700000000000308        6.2514078211276702     
   40.800000000000310        6.2513770365052910     
   40.900000000000311        6.2513438701139261     
   41.000000000000313        6.2513084545859758     
   41.100000000000314        6.2512709315481381     
   41.200000000000315        6.2512314510550375     
   41.300000000000317        6.2511901709891688     
   41.400000000000318        6.2511472564295154     
   41.500000000000320        6.2511028789914000     
   41.600000000000321        6.2510572161401985     
   41.700000000000323        6.2510104504816528     
   41.800000000000324        6.2509627690316298     
   41.900000000000325        6.2509143624682499     
   42.000000000000327        6.2508654243693602     
   42.100000000000328        6.2508161504384159     
   42.200000000000330        6.2507667377218681     
   42.300000000000331        6.2507173838211720     
   42.400000000000333        6.2506682861025746     
   42.500000000000334        6.2506196409078534     
   42.600000000000335        6.2505716427691418     
   42.700000000000337        6.2505244836309952     
   42.800000000000338        6.2504783520828076     
   42.900000000000340        6.2504334326046429     
   43.000000000000341        6.2503899048294924     
   43.100000000000342        6.2503479428249280     
   43.200000000000344        6.2503077143970067     
   43.300000000000345        6.2502693804192138     
   43.400000000000347        6.2502330941891220     
   43.500000000000348        6.2501990008153694     
   43.600000000000350        6.2501672366373553     
   43.700000000000351        6.2501379286800285     
   43.800000000000352        6.2501111941459104     
   43.900000000000354        6.2500871399464009     
   44.000000000000355        6.2500658622742478     
   44.100000000000357        6.2500474462188613     
   44.200000000000358        6.2500319654260430     
   44.300000000000360        6.2500194818034869     
   44.400000000000361        6.2500100452731981     
   44.500000000000362        6.2500036935718626     
   44.600000000000364        6.2500004520999326     
   44.700000000000365        6.2500003338200578     
   44.800000000000367        6.2500033392052332     
   44.900000000000368        6.2500094562369295     
   45.000000000000369        6.2500186604531338     
   45.100000000000371        6.2500309150461861     
   45.200000000000372        6.2500461710099682     
   45.300000000000374        6.2500643673358809     
   45.400000000000375        6.2500854312568181     
   45.500000000000377        6.2501092785381580     
   45.600000000000378        6.2501358138146266     
   45.700000000000379        6.2501649309716480     
   45.800000000000381        6.2501965135697155     
   45.900000000000382        6.2502304353100175     
   46.000000000000384        6.2502665605395151     
   46.100000000000385        6.2503047447934144     
   46.200000000000387        6.2503448353728857     
   46.300000000000388        6.2503866719557006     
   46.400000000000389        6.2504300872373646     
   46.500000000000391        6.2504749076001653     
   46.600000000000392        6.2505209538074737     
   46.700000000000394        6.2505680417205056     
   46.800000000000395        6.2506159830346979     
   46.900000000000396        6.2506645860327348     
   47.000000000000398        6.2507136563512269     
   47.100000000000399        6.2507629977579686     
   47.200000000000401        6.2508124129366784     
   47.300000000000402        6.2508617042760530     
   47.400000000000404        6.2509106746600285     
   47.500000000000405        6.2509591282560377     
   47.600000000000406        6.2510068712981521     
   47.700000000000408        6.2510537128619452     
   47.800000000000409        6.2510994656280046     
   47.900000000000411        6.2511439466310170     
   48.000000000000412        6.2511869779914511     
   48.100000000000414        6.2512283876268988     
   48.200000000000415        6.2512680099402242     
   48.300000000000416        6.2513056864818006     
   48.400000000000418        6.2513412665831360     
   48.500000000000419        6.2513746079594048     
   48.600000000000421        6.2514055772784447     
   48.700000000000422        6.2514340506939492     
   48.800000000000423        6.2514599143407263     
   48.900000000000425        6.2514830647900546     
   49.000000000000426        6.2515034094632895     
   49.100000000000428        6.2515208670020801     
   49.200000000000429        6.2515353675937284     
   49.300000000000431        6.2515468532503711     
   49.400000000000432        6.2515552780408647     
   49.500000000000433        6.2515606082744739     
   49.600000000000435        6.2515628226355906     
   49.700000000000436        6.2515619122689907     
   49.800000000000438        6.2515578808152270     
   49.900000000000439        6.2515507443960825     
