   0.0000000000000000        1.5625000000000003E-003
  0.10000000000000001        1.4053126562500001E-002
  0.20000000000000001        3.8984429671876562E-002
  0.30000000000000004        7.6256709046995275E-002
  0.40000000000000002       0.12572091284263506     
  0.50000000000000000       0.18717923370781711     
  0.59999999999999998       0.26038589981740168     
  0.69999999999999996       0.34504815771361635     
  0.79999999999999993       0.44082744302713439     
  0.89999999999999991       0.54734073439598685     
  0.99999999999999989       0.66416208516798969     
   1.0999999999999999       0.79082432676140579     
   1.2000000000000000       0.92682093687210299     
   1.3000000000000000        1.0716080650562489     
   1.4000000000000001        1.2246067075882348     
   1.5000000000000002        1.3852050228965751     
   1.6000000000000003        1.5527607783183517     
   1.7000000000000004        1.7266039183876336     
   1.8000000000000005        1.9060392443872831     
   1.9000000000000006        2.0903491944486281     
   2.0000000000000004        2.2787967130813729     
   2.1000000000000005        2.4706281986585052     
   2.2000000000000006        2.6650765170692021     
   2.3000000000000007        2.8613640694881397     
   2.4000000000000008        3.0587059019931946     
   2.5000000000000009        3.2563128445961782     
   2.6000000000000010        3.4533946671336220     
   2.7000000000000011        3.6491632393971973     
   2.8000000000000012        3.8428356828664239     
   2.9000000000000012        4.0336375014398671     
   3.0000000000000013        4.2208056786450525     
   3.1000000000000014        4.4035917289413371     
   3.2000000000000015        4.5812646909135859     
   3.3000000000000016        4.7531140503868698     
   3.4000000000000017        4.9184525817726579     
   3.5000000000000018        5.0766190962839364     
   3.6000000000000019        5.2269810860291743     
   3.7000000000000020        5.3689372534113833     
   3.8000000000000020        5.5019199157171981     
   3.9000000000000021        5.6253972752800614     
   4.0000000000000018        5.7388755461390781     
   4.1000000000000014        5.8419009286890873     
   4.2000000000000011        5.9340614244252663     
   4.3000000000000007        6.0149884835251708     
   4.4000000000000004        6.0843584786794578     
   4.5000000000000000        6.1418939992775048     
   4.5999999999999996        6.1873649607724417     
   4.6999999999999993        6.2205895247892489     
   4.7999999999999989        6.2414348262964232     
   4.8999999999999986        6.2498175049332394     
   4.9999999999999982        6.2457040383678262     
   5.0999999999999979        6.2291108763529817     
   5.1999999999999975        6.2001043749436002     
   5.2999999999999972        6.1588005311388203     
   5.3999999999999968        6.1053645190100161     
   5.4999999999999964        6.0400100291696903     
   5.5999999999999961        5.9629984142227155     
   5.6999999999999957        5.8746376436172634     
   5.7999999999999954        5.7752810720749856     
   5.8999999999999950        5.6653260265254808     
   5.9999999999999947        5.5452122171959006     
   6.0999999999999943        5.4154199792097533     
   6.1999999999999940        5.2764683517267468     
   6.2999999999999936        5.1289130023051852     
   6.3999999999999932        4.9733440047874042     
   6.4999999999999929        4.8103834795944795     
   6.5999999999999925        4.6406831058666569     
   6.6999999999999922        4.4649215153984718     
   6.7999999999999918        4.2838015787902082     
   6.8999999999999915        4.0980475946683637     
   6.9999999999999911        3.9084023932154395     
   7.0999999999999908        3.7156243655920469     
   7.1999999999999904        3.5204844311306527     
   7.2999999999999901        3.3237629544291662     
   7.3999999999999897        3.1262466246729175     
   7.4999999999999893        2.9287253096646015     
   7.5999999999999890        2.7319888971429380     
   7.6999999999999886        2.5368241360215986     
   7.7999999999999883        2.3440114901803093     
   7.8999999999999879        2.1543220173897888     
   7.9999999999999876        1.9685142858517271     
   8.0999999999999872        1.7873313406845439     
   8.1999999999999869        1.6114977324859634     
   8.2999999999999865        1.4417166198551714     
   8.3999999999999861        1.2786669574615788     
   8.4999999999999858        1.1230007809050970     
   8.5999999999999854       0.97534059922577587     
   8.6999999999999851       0.83627690549015066     
   8.7999999999999847       0.70636581540947008     
   8.8999999999999844       0.58612684343296728     
   8.9999999999999840       0.47604082520957608     
   9.0999999999999837       0.37654799472617173     
   9.1999999999999833       0.28804622381185735     
   9.2999999999999829       0.21088943104851937     
   9.3999999999999826       0.14538616645041835     
   9.4999999999999822        9.1798377572682097E-002
   9.5999999999999819        5.0340361983032676E-002
   9.6999999999999815        2.1177910285813079E-002
   9.7999999999999812        4.4276431253604991E-003
   9.8999999999999808        1.5654482004958268E-004
   9.9999999999999805        8.3816954920032695E-003
   10.099999999999980        2.9070202763684414E-002
   10.199999999999980        6.2139333294513571E-002
   10.299999999999979       0.10745684363149795     
   10.399999999999979       0.16484150905079997     
   10.499999999999979       0.23406384827540777     
   10.599999999999978       0.31484704117076218     
   10.699999999999978       0.40686803574847485     
   10.799999999999978       0.50975884005122929     
   10.899999999999977       0.62310799375261872     
   10.999999999999977       0.74646221358699139     
   11.099999999999977       0.87932820602922968     
   11.199999999999976        1.0211746399755572     
   11.299999999999976        1.1714342715366226     
   11.399999999999975        1.3295062124458126     
   11.499999999999975        1.4947583330114320     
   11.599999999999975        1.6665297900033385     
   11.699999999999974        1.8441336693650219     
   11.799999999999974        2.0268597331829139     
   11.899999999999974        2.2139772599278080     
   11.999999999999973        2.4047379666102504     
   12.099999999999973        2.5983790011642185     
   12.199999999999973        2.7941259930925311     
   12.299999999999972        2.9911961501744666     
   12.399999999999972        3.1888013888518545     
   12.499999999999972        3.3861514857752235     
   12.599999999999971        3.5824572379069775     
   12.699999999999971        3.7769336185443421     
   12.799999999999971        3.9688029166411476     
   12.899999999999970        4.1572978468743047     
   12.999999999999970        4.3416646180178118     
   13.099999999999969        4.5211659473538663     
   13.199999999999969        4.6950840090664521     
   13.299999999999969        4.8627233048267806     
   13.399999999999968        5.0234134450911068     
   13.499999999999968        5.1765118299885131     
   13.599999999999968        5.3214062190777955     
   13.699999999999967        5.4575171796969872     
   13.799999999999967        5.5843004041145692     
   13.899999999999967        5.7012488862160975     
   13.999999999999966        5.8078949490216480     
   14.099999999999966        5.9038121149260601     
   14.199999999999966        5.9886168111828839     
   14.299999999999965        6.0619699038117867     
   14.399999999999965        6.1235780537953470     
   14.499999999999964        6.1731948901417795     
   14.599999999999964        6.2106219951225352     
   14.699999999999964        6.2357096977447934     
   14.799999999999963        6.2483576722857723     
   14.899999999999963        6.2485153394952793     
   14.999999999999963        6.2361820688621457     
   15.099999999999962        6.2114071811356322     
   15.199999999999962        6.1742897510917585     
   15.299999999999962        6.1249782113332678     
   15.399999999999961        6.0636697587076540     
   15.499999999999961        5.9906095657169693     
   15.599999999999961        5.9060898000729818     
   15.699999999999960        5.8104484563185039     
   15.799999999999960        5.7040680041872083     
   15.899999999999959        5.5873738591071671     
   15.999999999999959        5.4608326809645567     
   16.099999999999959        5.3249505079307689     
   16.199999999999960        5.1802707328157656     
   16.299999999999962        5.0273719300402329     
   16.399999999999963        4.8668655419164688     
   16.499999999999964        4.6993934334905791     
   16.599999999999966        4.5256253257241630     
   16.699999999999967        4.3462561172801744     
   16.799999999999969        4.1620031056231817     
   16.899999999999970        3.9736031185468028     
   16.999999999999972        3.7818095675993559     
   17.099999999999973        3.5873894351910787     
   17.199999999999974        3.3911202074314719     
   17.299999999999976        3.1937867649623470     
   17.399999999999977        2.9961782442201383     
   17.499999999999979        2.7990848816792924     
   17.599999999999980        2.6032948536966112     
   17.699999999999982        2.4095911245939972     
   17.799999999999983        2.2187483155841319     
   17.899999999999984        2.0315296070602455     
   17.999999999999986        1.8486836866377252     
   18.099999999999987        1.6709417551523407     
   18.199999999999989        1.4990146025881019     
   18.299999999999990        1.3335897656281133     
   18.399999999999991        1.1753287781953776     
   18.499999999999993        1.0248645259786389     
   18.599999999999994       0.88279871552251155     
   18.699999999999996       0.74969946800300979     
   18.799999999999997       0.62609904731096400     
   18.899999999999999       0.51249173152872152     
   19.000000000000000       0.40933183631209580     
   19.100000000000001       0.31703189808205801     
   19.200000000000003       0.23596102429159010     
   19.300000000000004       0.16644341736498011     
   19.400000000000006       0.10875707821232752     
   19.500000000000007        6.3132694503903838E-002
   19.600000000000009        2.9752718150159039E-002
   19.700000000000010        8.7506356765317470E-003
   19.800000000000011        2.1043441083400062E-004
   19.900000000000013        4.1662666179273318E-003
   20.000000000000014        2.0602312924815572E-002
   20.100000000000016        4.9452845582317474E-002
   20.200000000000017        9.0602491310335667E-002
   20.300000000000018       0.14388669267560386     
   20.400000000000020       0.20909236615686225     
   20.500000000000021       0.28595875426585937     
   20.600000000000023       0.37417846831654733     
   20.700000000000024       0.47339871767243746     
   20.800000000000026       0.58322272055635549     
   20.900000000000027       0.70321129078076861     
   21.000000000000028       0.83288459405334925     
   21.100000000000030       0.97172406683431067     
   21.200000000000031        1.1191744900720015     
   21.300000000000033        1.2746462095238944     
   21.400000000000034        1.4375174937839017     
   21.500000000000036        1.6071370205862670     
   21.600000000000037        1.7828264814433079     
   21.700000000000038        1.9638832942010567     
   21.800000000000040        2.1495834126652955     
   21.900000000000041        2.3391842220622858     
   22.000000000000043        2.5319275087552482     
   22.100000000000044        2.7270424923406993     
   22.200000000000045        2.9237489079992800     
   22.300000000000047        3.1212601267747715     
   22.400000000000048        3.3187863013032897     
   22.500000000000050        3.5155375244128977     
   22.600000000000051        3.7107269879623783     
   22.700000000000053        3.9035741292869970     
   22.800000000000054        4.0933077526685970     
   22.900000000000055        4.2791691133472751     
   23.000000000000057        4.4604149517416776     
   23.100000000000058        4.6363204657440651     
   23.200000000000060        4.8061822092039410     
   23.300000000000061        4.9693209050092122     
   23.400000000000063        5.1250841615153515     
   23.500000000000064        5.2728490814595901     
   23.600000000000065        5.4120247529270706     
   23.700000000000067        5.5420546124075969     
   23.800000000000068        5.6624186704931052     
   23.900000000000070        5.7726355913153116     
   24.000000000000071        5.8722646174078461     
   24.100000000000072        5.9609073322953696     
   24.200000000000074        6.0382092537610434     
   24.300000000000075        6.1038612514209252     
   24.400000000000077        6.1576007829363757     
   24.500000000000078        6.1992129439208634     
   24.600000000000080        6.2285313273426119     
   24.700000000000081        6.2454386889863178     
   24.800000000000082        6.2498674163127665     
   24.900000000000084        6.2417997988413818     
   25.000000000000085        6.2212680989744298     
   25.100000000000087        6.1883544229796783     
   25.200000000000088        6.1431903926474316     
   25.300000000000090        6.0859566189349890     
   25.400000000000091        6.0168819797034239     
   25.500000000000092        5.9362427044350241     
   25.600000000000094        5.8443612695915892     
   25.700000000000095        5.7416051090310569     
   25.800000000000097        5.6283851446395108     
   25.900000000000098        5.5051541430545514     
   26.000000000000099        5.3724049050515159     
   26.100000000000101        5.2306682948331780     
   26.200000000000102        5.0805111171038035     
   26.300000000000104        4.9225338504171310     
   26.400000000000105        4.7573682458626392     
   26.500000000000107        4.5856748006929449     
   26.600000000000108        4.4081401169952787     
   26.700000000000109        4.2254741559697493     
   26.800000000000111        4.0384073987944955     
   26.900000000000112        3.8476879254314622     
   27.000000000000114        3.6540784230546297     
   27.100000000000115        3.4583531360640007     
   27.200000000000117        3.2612947698822521     
   27.300000000000118        3.0636913609157439     
   27.400000000000119        2.8663331251969346     
   27.500000000000121        2.6700092983104624     
   27.600000000000122        2.4755049792400468     
   27.700000000000124        2.2835979907576500     
   27.800000000000125        2.0950557689102132     
   27.900000000000126        1.9106322940429048     
   28.000000000000128        1.7310650756317190     
   28.100000000000129        1.5570722029830817     
   28.200000000000131        1.3893494735947147     
   28.300000000000132        1.2285676106614427     
   28.400000000000134        1.0753695808531358     
   28.500000000000135       0.93036802309099742     
   28.600000000000136       0.79414279860451775     
   28.700000000000138       0.66723867206641874     
   28.800000000000139       0.55016313307872589     
   28.900000000000141       0.44338436672185144     
   29.000000000000142       0.34732938128245616     
   29.100000000000144       0.26238230064731233     
   29.200000000000145       0.18888282819187996     
   29.300000000000146       0.12712488830650823     
   29.400000000000148        7.7355450992798808E-002
   29.500000000000149        3.9773544230569183E-002
   29.600000000000151        1.4529458064961509E-002
   29.700000000000152        1.7241435965520469E-003
   29.800000000000153        1.4088092778999674E-003
   29.900000000000155        1.3584716130945558E-002
   30.000000000000156        3.8203172704183490E-002
   30.100000000000158        7.5165729789777397E-002
   30.200000000000159       0.12432457412194195     
   30.300000000000161       0.18548311948219290     
   30.400000000000162       0.25839679284763450     
   30.500000000000163       0.34277401243847844     
   30.600000000000165       0.43827735375358090     
   30.700000000000166       0.54452489893102274     
   30.800000000000168       0.66109176403763958     
   30.900000000000169       0.78751179817986983     
   31.000000000000171       0.92327944764117897     
   31.100000000000172        1.0678517775913710     
   31.200000000000173        1.2206506432829751     
   31.300000000000175        1.3810650020520905     
   31.400000000000176        1.5484533568779992     
   31.500000000000178        1.7221463217297535     
   31.600000000000179        1.9014492984409102     
   31.700000000000180        2.0856452544076016     
   31.800000000000182        2.2739975900019176     
   31.900000000000183        2.4657530842338153     
   32.000000000000185        2.6601449068818623     
   32.100000000000186        2.8563956850472882     
   32.200000000000188        3.0537206118682105     
   32.300000000000189        3.2513305849622718     
   32.400000000000190        3.4484353620470691     
   32.500000000000192        3.6442467211190395     
   32.600000000000193        3.8379816125532544     
   32.700000000000195        4.0288652905188709     
   32.800000000000196        4.2161344111877010     
   32.900000000000198        4.3990400853461917     
   33.000000000000199        4.5768508732033828     
   33.100000000000200        4.7488557094186348     
   33.200000000000202        4.9143667466519219     
   33.300000000000203        5.0727221062653456     
   33.400000000000205        5.2232885251758159     
   33.500000000000206        5.3654638882741068     
   33.600000000000207        5.4986796362831916     
   33.700000000000209        5.6224030394267785     
   33.800000000000210        5.7361393278156978     
   33.900000000000212        5.8394336700326823     
   34.000000000000213        5.9318729920032052     
   34.100000000000215        6.0130876288787078     
   34.200000000000216        6.0827528033263256     
   34.300000000000217        6.1405899243134412     
   34.400000000000219        6.1863677011932268     
   34.500000000000220        6.2199030686359400     
   34.600000000000222        6.2410619187071790     
   34.700000000000223        6.2497596371655071     
   34.800000000000225        6.2459614418348117     
   34.900000000000226        6.2296825216982192     
   35.000000000000227        6.2009879761573554     
   35.100000000000229        6.1599925546998371     
   35.200000000000230        6.1068601980160730     
   35.300000000000232        6.0418033824004445     
   35.400000000000233        5.9650822700585966     
   35.500000000000234        5.8770036687187854     
   35.600000000000236        5.7779198047077678     
   35.700000000000237        5.6682269143977217     
   35.800000000000239        5.5483636596569994     
   35.900000000000240        5.4188093736413103     
   36.000000000000242        5.2800821439404286     
   36.100000000000243        5.1327367407459290     
   36.200000000000244        4.9773623983251865     
   36.300000000000246        4.8145804586735412     
   36.400000000000247        4.6450418867676619     
   36.500000000000249        4.4694246673565976     
   36.600000000000250        4.2884310937007752     
   36.700000000000252        4.1027849591012426     
   36.800000000000253        3.9132286624502650     
   36.900000000000254        3.7205202393781485     
   37.000000000000256        3.5254303308687582     
   37.100000000000257        3.3287391014662235     
   37.200000000000259        3.1312331193969261     
   37.300000000000260        2.9337022110831605     
   37.400000000000261        2.7369363026272731     
   37.500000000000263        2.5417222608971795     
   37.600000000000264        2.3488407468457577     
   37.700000000000266        2.1590630936477000     
   37.800000000000267        1.9731482221381444     
   37.900000000000269        1.7918396058882589     
   38.000000000000270        1.6158622980544257     
   38.100000000000271        1.4459200318906731     
   38.200000000000273        1.2826924065193901     
   38.300000000000274        1.1268321692144359     
   38.400000000000276       0.97896260506479316     
   38.500000000000277       0.83967504445749619     
   38.600000000000279       0.70952649834741377     
   38.700000000000280       0.58903743077044024     
   38.800000000000281       0.47868967750781555     
   38.900000000000283       0.37892451922483722     
   39.000000000000284       0.29014091678947884     
   39.100000000000286       0.21269391582787922     
   39.200000000000287       0.14689322689688400     
   39.300000000000288        9.3001986951528129E-002
   39.400000000000290        5.1235707060353138E-002
   39.500000000000291        2.1761410576643814E-002
   39.600000000000293        4.6969652120385282E-003
   39.700000000000294        1.1061168355032595E-004
   39.800000000000296        8.0206908189396301E-003
   39.900000000000297        2.8395570211744017E-002
   40.000000000000298        6.1153770719271652E-002
   40.100000000000300       0.10616429229769295     
   40.200000000000301       0.16324713787121581     
   40.300000000000303       0.23217403314039167     
   40.400000000000304       0.31266933945103909     
   40.500000000000306       0.40441115607322192     
   40.600000000000307       0.50703260748226797     
   40.700000000000308       0.62012331049399239     
   40.800000000000310       0.74323101538705127     
   40.900000000000311       0.87586341444957738     
   41.000000000000313        1.0174901107177197     
   41.100000000000314        1.1675447390331017     
   41.200000000000315        1.3254272309370905     
   41.300000000000317        1.4905062143445620     
   41.400000000000318        1.6621215384008696     
   41.500000000000320        1.8395869134251122     
   41.600000000000321        2.0221926553825678     
   41.700000000000323        2.2092085239111485     
   41.800000000000324        2.3998866425526084     
   41.900000000000325        2.5934644895105006     
   42.000000000000327        2.7891679469748407     
   42.100000000000328        2.9862143968192276     
   42.200000000000330        3.1838158502907343     
   42.300000000000331        3.3811820991769292     
   42.400000000000333        3.5775238758485157     
   42.500000000000334        3.7720560095405844     
   42.600000000000335        3.9640005662504989     
   42.700000000000337        4.1525899596959777     
   42.800000000000338        4.3370700208926323     
   42.900000000000340        4.5167030140757376     
   43.000000000000341        4.6907705869055558     
   43.100000000000342        4.8585766431583375     
   43.200000000000344        5.0194501264151290     
   43.300000000000345        5.1727477036163876     
   43.400000000000347        5.3178563377508823     
   43.500000000000348        5.4541957393907126     
   43.600000000000350        5.5812206872687185     
   43.700000000000351        5.6984232086183368     
   43.800000000000352        5.8053346105566908     
   43.900000000000354        5.9015273543874267     
   44.000000000000355        5.9866167653279687     
   44.100000000000357        6.0602625708239657     
   44.200000000000358        6.1221702612992352     
   44.300000000000360        6.1720922678995702     
   44.400000000000361        6.2098289525205743     
   44.500000000000362        6.2352294061604487     
   44.600000000000364        6.2481920524050878     
   44.700000000000365        6.2486650536321608     
   44.800000000000367        6.2366465183097564     
   44.900000000000368        6.2121845085606333     
   45.000000000000369        6.1753768479617754     
   45.100000000000371        6.1263707303479187     
   45.200000000000372        6.0653621311834005     
   45.300000000000374        5.9925950238562784     
   45.400000000000375        5.9083604040287563     
   45.500000000000377        5.8129951259455224     
   45.600000000000378        5.7068805553536341     
   45.700000000000379        5.5904410444208850     
   45.800000000000381        5.4641422347514981     
   45.900000000000382        5.3284891952853393     
   46.000000000000384        5.1840244025272355     
   46.100000000000385        5.0313255711834239     
   46.200000000000387        4.8710033438804503     
   46.300000000000388        4.7036988492052991     
   46.400000000000389        4.5300811378321759     
   46.500000000000391        4.3508445069888610     
   46.600000000000392        4.1667057239620977     
   46.700000000000394        3.9784011597452102     
   46.800000000000395        3.7866838442905024     
   46.900000000000396        3.5923204551424766     
   47.000000000000398        3.3960882514943358     
   47.100000000000399        3.1987719659284686     
   47.200000000000401        3.0011606662708541     
   47.300000000000402        2.8040446001088219     
   47.400000000000404        2.6082120345909554     
   47.500000000000405        2.4144461041467595     
   47.600000000000406        2.2235216787320811     
   47.700000000000408        2.0362022651241523     
   47.800000000000409        1.8532369536579925     
   47.900000000000411        1.6753574226141541     
   48.000000000000412        1.5032750122372818     
   48.100000000000414        1.3376778800864728     
   48.200000000000415        1.1792282490931980     
   48.300000000000416        1.0285597593317994     
   48.400000000000418       0.88627493409283320     
   48.500000000000419       0.75294277039242963     
   48.600000000000421       0.62909646355322679     
   48.700000000000422       0.51523127495627463     
   48.800000000000423       0.41180255149077227     
   48.900000000000425       0.31922390462185846     
   49.000000000000426       0.23786555635836176     
   49.100000000000428       0.16805285873498804     
   49.200000000000429       0.11006499272953317     
   49.300000000000431        6.4133851818152912E-002
   49.400000000000432        3.0443114633351889E-002
   49.500000000000433        9.1275104331321206E-003
   49.600000000000435        2.7228031869028408E-004
   49.700000000000436        3.9128363552540331E-003
   49.800000000000438        2.0034619959233144E-002
   49.900000000000439        4.8573160117995305E-002
