   0.0000000000000000       -2.5000000000000001E-002
  0.10000000000000001       -7.4975000000000000E-002
  0.20000000000000001      -0.12487502500000000     
  0.30000000000000004      -0.17465017497499999     
  0.40000000000000002      -0.22425067477502497     
  0.50000000000000000      -0.27362692390027493     
  0.59999999999999998      -0.32272954610162463     
  0.69999999999999996      -0.37150943875687270     
  0.79999999999999993      -0.41991782197336391     
  0.89999999999999991      -0.46790628736788176     
  0.99999999999999989      -0.51542684647503167     
   1.0999999999999999      -0.56243197873570661     
   1.2000000000000000      -0.60887467901764580     
   1.3000000000000000      -0.65470850462056740     
   1.4000000000000001      -0.69988762171886842     
   1.5000000000000002      -0.74436685119545054     
   1.6000000000000003      -0.78810171382083716     
   1.7000000000000004      -0.83104847473240295     
   1.8000000000000005      -0.87316418716923638     
   1.9000000000000006      -0.91440673541890061     
   2.0000000000000004      -0.95473487693314585     
   2.1000000000000005      -0.99410828357045800     
   2.2000000000000006       -1.0324875819241996     
   2.3000000000000007       -1.0698343926960172     
   2.4000000000000008       -1.1061113690751387     
   2.5000000000000009       -1.1412822340851851     
   2.6000000000000010       -1.1753118168611463     
   2.7000000000000011       -1.2081660878202463     
   2.8000000000000012       -1.2398121926915260     
   2.9000000000000012       -1.2702184853701142     
   3.0000000000000013       -1.2993545595633322     
   3.1000000000000014       -1.3271912791969871     
   3.2000000000000015       -1.3537008075514450     
   3.3000000000000016       -1.3788566350983513     
   3.4000000000000017       -1.4026336060101594     
   3.5000000000000018       -1.4250079433159573     
   3.6000000000000019       -1.4459572726784391     
   3.7000000000000020       -1.4654606447682426     
   3.8000000000000020       -1.4834985562132776     
   3.9000000000000021       -1.5000529691020996     
   4.0000000000000018       -1.5151073290218193     
   4.1000000000000014       -1.5286465816125174     
   4.2000000000000011       -1.5406571876216029     
   4.3000000000000007       -1.5511271364430668     
   4.4000000000000004       -1.5600459581280877     
   4.5000000000000000       -1.5674047338549804     
   4.5999999999999996       -1.5731961048480181     
   4.6999999999999993       -1.5774142797362078     
   4.7999999999999989       -1.5800550403446614     
   4.8999999999999986       -1.5811157459127703     
   4.9999999999999982       -1.5805953357349662     
   5.0999999999999979       -1.5784943302214274     
   5.1999999999999975       -1.5748148303776670     
   5.2999999999999972       -1.5695605157035291     
   5.3999999999999968       -1.5627366405136875     
   5.4999999999999964       -1.5543500286833323     
   5.5999999999999961       -1.5444090668242938     
   5.6999999999999957       -1.5329236958984309     
   5.7999999999999954       -1.5199054012766697     
   5.8999999999999950       -1.5053672012536319     
   5.9999999999999947       -1.4893236340293403     
   6.0999999999999943       -1.4717907431710193     
   6.1999999999999940       -1.4527860615695274     
   6.2999999999999936       -1.4323285939064661     
   6.3999999999999932       -1.4104387976494981     
   6.4999999999999929       -1.3871385625948807     
   6.5999999999999925       -1.3624511889776685     
   6.6999999999999922       -1.3364013641714785     
   6.7999999999999918       -1.3090151380011170     
   6.8999999999999915       -1.2803198966927545     
   6.9999999999999911       -1.2503443354876991     
   7.0999999999999908       -1.2191184299471560     
   7.1999999999999904       -1.1866734059766659     
   7.2999999999999901       -1.1530417086001992     
   7.3999999999999897       -1.1182569695151321     
   7.4999999999999893       -1.0823539734605498     
   7.5999999999999890       -1.0453686234325072     
   7.6999999999999886       -1.0073379047810320     
   7.7999999999999883      -0.96829984822477577     
   7.8999999999999879      -0.92829349182029475     
   7.9999999999999876      -0.88735884192399350     
   8.0999999999999872      -0.84553683318576822     
   8.1999999999999869      -0.80286928761435716     
   8.2999999999999865      -0.75939887275533180     
   8.3999999999999861      -0.71516905902355110     
   8.4999999999999858      -0.67022407623274682     
   8.5999999999999854      -0.62460886936570981     
   8.6999999999999851      -0.57836905362930702     
   8.7999999999999847      -0.53155086883927494     
   8.8999999999999844      -0.48420113318040359     
   8.9999999999999840      -0.43636719638835186     
   9.0999999999999837      -0.38809689239991174     
   9.1999999999999833      -0.33943849151907174     
   9.2999999999999829      -0.29044065214671266     
   9.3999999999999826      -0.24115237212220689     
   9.4999999999999822      -0.19162293972557889     
   9.5999999999999819      -0.14190188438922532     
   9.6999999999999815       -9.2038927168482526E-002
   9.7999999999999812       -4.2083931020571258E-002
   9.8999999999999808        7.9131490583605885E-003
   9.9999999999999805        5.7902315988234074E-002
   10.099999999999980       0.10783358060211932     
   10.199999999999980       0.15765701163540247     
   10.299999999999979       0.20732278565705020     
   10.399999999999979       0.25678123689304089     
   10.499999999999979       0.30598290689213853     
   10.599999999999978       0.35487859398434402     
   10.699999999999978       0.40341940248256519     
   10.799999999999978       0.45155679157830381     
   10.899999999999977       0.49924262388246410     
   10.999999999999977       0.54642921356274188     
   11.099999999999977       0.59306937402945692     
   11.199999999999976       0.63911646512214260     
   11.299999999999976       0.68452443974970612     
   11.399999999999975       0.72924788993751988     
   11.499999999999975       0.77324209223539608     
   11.599999999999975       0.81646305244103690     
   11.699999999999974       0.85886754959423672     
   11.799999999999974       0.90041317919784225     
   11.899999999999974       0.94105839562225002     
   11.999999999999973       0.98076255365103548     
   12.099999999999973        1.0194859491261699     
   12.199999999999973        1.0571898586521782     
   12.299999999999972        1.0938365783195343     
   12.399999999999972        1.1293894614085709     
   12.499999999999972        1.1638129550361989     
   12.599999999999971        1.1970726357087906     
   12.699999999999971        1.2291352437456737     
   12.799999999999971        1.2599687165388112     
   12.899999999999970        1.2895422206154097     
   12.999999999999970        1.3178261824713928     
   13.099999999999969        1.3447923181449046     
   13.199999999999969        1.3704136615002716     
   13.299999999999969        1.3946645911941380     
   13.399999999999968        1.4175208562968105     
   13.499999999999968        1.4389596005431859     
   13.599999999999968        1.4589593851890184     
   13.699999999999967        1.4775002104496617     
   13.799999999999967        1.4945635354998554     
   13.899999999999967        1.5101322970145492     
   13.999999999999966        1.5241909262322286     
   14.099999999999966        1.5367253645236758     
   14.199999999999966        1.5477230774505992     
   14.299999999999965        1.5571730673000721     
   14.399999999999965        1.5650658840822449     
   14.499999999999964        1.5713936349803355     
   14.599999999999964        1.5761499922434457     
   14.699999999999964        1.5793301995143123     
   14.799999999999963        1.5809310765856648     
   14.899999999999963        1.5809510225804315     
   14.999999999999963        1.5793900175526179     
   15.099999999999962        1.5762496225072515     
   15.199999999999962        1.5715329778393781     
   15.299999999999962        1.5652448001936652     
   15.399999999999961        1.5573913777477586     
   15.499999999999961        1.5479805639241042     
   15.599999999999961        1.5370217695365258     
   15.699999999999960        1.5245259533794109     
   15.799999999999960        1.5105056112689166     
   15.899999999999959        1.4949747635471533     
   15.999999999999959        1.4779489410618429     
   16.099999999999959        1.4594451696354707     
   16.199999999999960        1.4394819530394629     
   16.299999999999962        1.4180792544904157     
   16.399999999999963        1.3952584766868781     
   16.499999999999964        1.3710424404066535     
   16.599999999999966        1.3454553616860223     
   16.699999999999967        1.3185228276037051     
   16.799999999999969        1.2902717706937841     
   16.899999999999970        1.2607304420131693     
   16.999999999999972        1.2299283828905414     
   17.099999999999973        1.1978963953850230     
   17.199999999999974        1.1646665114841195     
   17.299999999999976        1.1302719610717320     
   17.399999999999977        1.0947471386982728     
   17.499999999999979        1.0581275691861152     
   17.599999999999980        1.0204498721047714     
   17.699999999999982       0.98175172515132303     
   17.799999999999983       0.94207182647272325     
   17.899999999999984       0.90144985596765070     
   17.999999999999986       0.85992643560661053     
   18.099999999999987       0.81754308880996374     
   18.199999999999989       0.77434219892450695     
   18.299999999999990       0.73036696684012570     
   18.399999999999991       0.68566136778890430     
   18.499999999999993       0.64027010736989398     
   18.599999999999994       0.59423857684351378     
   18.699999999999996       0.54761280774029009     
   18.799999999999997       0.50043942582932610     
   18.899999999999999       0.45276560449253278     
   19.000000000000000       0.40463901755124693     
   19.100000000000001       0.35610779159240985     
   19.200000000000003       0.30722045784198038     
   19.300000000000004       0.25802590363370892     
   19.400000000000006       0.20857332352180374     
   19.500000000000007       0.15891217008637676     
   19.600000000000009       0.10909210448086340     
   19.700000000000010        5.9162946770869168E-002
   19.800000000000011        9.1746261141040647E-003
   19.900000000000013       -4.0822869168775151E-002
   20.000000000000014       -9.0779541582485579E-002
   20.100000000000016      -0.14064543445461353     
   20.200000000000017      -0.19037068189228684     
   20.300000000000018      -0.23990555864806790     
   20.400000000000020      -0.28920052984520084     
   20.500000000000021      -0.33820630051248862     
   20.600000000000023      -0.38687386487926390     
   20.700000000000024      -0.43515455538115994     
   20.800000000000026      -0.48300009132767480     
   20.900000000000027      -0.53036262718286198     
   21.000000000000028      -0.57719480041086624     
   21.100000000000030      -0.62344977883845965     
   21.200000000000031      -0.66908130748721462     
   21.300000000000033      -0.71404375482848237     
   21.400000000000034      -0.75829215841492170     
   21.500000000000036      -0.80178226984294609     
   21.600000000000037      -0.84447059900112753     
   21.700000000000038      -0.88631445756030780     
   21.800000000000040      -0.92727200166192780     
   21.900000000000041      -0.96730227376188582     
   22.000000000000043       -1.0063652435880819     
   22.100000000000044       -1.0444218481706899     
   22.200000000000045       -1.0814340309051274     
   22.300000000000047       -1.1173647796086597     
   22.400000000000048       -1.1521781635325832     
   22.500000000000050       -1.1858393692929743     
   22.600000000000051       -1.2183147356840724     
   22.700000000000053       -1.2495717873394865     
   22.800000000000054       -1.2795792672075610     
   22.900000000000055       -1.3083071678084279     
   23.000000000000057       -1.3357267612414865     
   23.100000000000058       -1.3618106279133035     
   23.200000000000060       -1.3865326839572072     
   23.300000000000061       -1.4098682073171538     
   23.400000000000063       -1.4317938624697832     
   23.500000000000064       -1.4522877237599428     
   23.600000000000065       -1.4713292973263423     
   23.700000000000067       -1.4888995415954156     
   23.800000000000068       -1.5049808863228935     
   23.900000000000070       -1.5195572501640484     
   24.000000000000071       -1.5326140567550393     
   24.100000000000072       -1.5441382492892752     
   24.200000000000074       -1.5541183035742219     
   24.300000000000075       -1.5625442395555942     
   24.400000000000077       -1.5694076312974110     
   24.500000000000078       -1.5747016154079303     
   24.600000000000080       -1.5784208979030419     
   24.700000000000081       -1.5805617595002504     
   24.800000000000082       -1.5811220593379585     
   24.900000000000084       -1.5801012371163288     
   25.000000000000085       -1.5775003136575827     
   25.100000000000087       -1.5733218898851791     
   25.200000000000088       -1.5675701442228902     
   25.300000000000090       -1.5602508284163785     
   25.400000000000091       -1.5513712617814504     
   25.500000000000092       -1.5409403238847408     
   25.600000000000094       -1.5289684456641464     
   25.700000000000095       -1.5154675989978879     
   25.800000000000097       -1.5004512847326315     
   25.900000000000098       -1.4839345191826425     
   26.000000000000099       -1.4659338191134708     
   26.100000000000101       -1.4464671852251856     
   26.200000000000102       -1.4255540841516752     
   26.300000000000104       -1.4032154289940131     
   26.400000000000105       -1.3794735584073570     
   26.500000000000107       -1.3543522142622937     
   26.600000000000108       -1.3278765179029681     
   26.700000000000109       -1.3000729450257396     
   26.800000000000111       -1.2709692992034851     
   26.900000000000112       -1.2405946840820272     
   27.000000000000114       -1.2089794742764874     
   27.100000000000115       -1.1761552849966710     
   27.200000000000117       -1.1421549404318578     
   27.300000000000118       -1.1070124409266129     
   27.400000000000119       -1.0707629289804415     
   27.500000000000121       -1.0334426541052895     
   27.600000000000122      -0.99508893657603226     
   27.700000000000124      -0.95574013011019898     
   27.800000000000125      -0.91543558351425547     
   27.900000000000126      -0.87421560133479770     
   28.000000000000128      -0.83212140355400521     
   28.100000000000129      -0.78919508436965868     
   28.200000000000131      -0.74547957010094246     
   28.300000000000132      -0.70101857626212527     
   28.400000000000134      -0.65585656384704605     
   28.500000000000135      -0.61003869486811979     
   28.600000000000136      -0.56361078719432534     
   28.700000000000138      -0.51661926873333663     
   28.800000000000139      -0.46911113100361451     
   28.900000000000141      -0.42113388214288883     
   29.000000000000142      -0.37273549940002021     
   29.100000000000144      -0.32396438115775156     
   29.200000000000145      -0.27486929853432518     
   29.300000000000146      -0.22549934661236448     
   29.400000000000148      -0.17590389534379142     
   29.500000000000149      -0.12613254017987457     
   29.600000000000151       -7.6235052475777859E-002
   29.700000000000152       -2.6261329719205362E-002
   29.800000000000153        2.3738654367086331E-002
   29.900000000000155        7.3714899799010941E-002
   30.000000000000156       0.12361743033113654     
   30.100000000000158       0.17339634343293100     
   30.200000000000159       0.22300186019129253     
   30.300000000000161       0.27238437508946278     
   30.400000000000162       0.32149450561254356     
   30.500000000000163       0.37028314163001180     
   30.600000000000165       0.41870149450585004     
   30.700000000000166       0.46670114588718242     
   30.800000000000168       0.51423409612262760     
   30.900000000000169       0.56125281226195023     
   31.000000000000171       0.60771027558901092     
   31.100000000000172       0.65356002864048257     
   31.200000000000173       0.69875622166331375     
   31.300000000000175       0.74325365846448155     
   31.400000000000176       0.78700784160718484     
   31.500000000000178       0.82997501690828102     
   31.600000000000179       0.87211221719246890     
   31.700000000000180       0.91337730525946437     
   31.800000000000182       0.95372901602120030     
   31.900000000000183       0.99312699776691504     
   32.000000000000185        1.0315318525148629     
   32.100000000000186        1.0689051754102958     
   32.200000000000188        1.1052095931303185     
   32.300000000000189        1.1404088012572109     
   32.400000000000190        1.1744676005828460     
   32.500000000000192        1.2073519323078983     
   32.600000000000193        1.2390289121006426     
   32.700000000000195        1.2694668629812864     
   32.800000000000196        1.2986353469989489     
   32.900000000000198        1.3265051956696123     
   33.000000000000199        1.3530485391446063     
   33.100000000000200        1.3782388340804557     
   33.200000000000202        1.4020508901822246     
   33.300000000000203        1.4244608953938112     
   33.400000000000205        1.4454464397100040     
   33.500000000000206        1.4649865375864868     
   33.600000000000207        1.4830616489253832     
   33.700000000000209        1.4996536986153541     
   33.800000000000210        1.5147460946067097     
   33.900000000000212        1.5283237445034585     
   34.000000000000213        1.5403730706557039     
   34.100000000000215        1.5508820237372936     
   34.200000000000216        1.5598400947951461     
   34.300000000000217        1.5672383257582034     
   34.400000000000219        1.5730693183955025     
   34.500000000000220        1.5773272417144060     
   34.600000000000222        1.5800078377915951     
   34.700000000000223        1.5811084260309927     
   34.800000000000225        1.5806279058443593     
   34.900000000000226        1.5785667577518816     
   35.000000000000227        1.5749270429016520     
   35.100000000000229        1.5697124010085206     
   35.200000000000230        1.5629280467143807     
   35.300000000000232        1.5545807643735265     
   35.400000000000233        1.5446789012682989     
   35.500000000000234        1.5332323592618029     
   35.600000000000236        1.5202525848960451     
   35.700000000000237        1.5057525579453912     
   35.800000000000239        1.4897467784367919     
   35.900000000000240        1.4722512521497559     
   36.000000000000242        1.4532834746105701     
   36.100000000000243        1.4328624135967736     
   36.200000000000244        1.4110084901693805     
   36.300000000000246        1.3877435582518178     
   36.400000000000247        1.3630908827760035     
   36.500000000000249        1.3370751164174133     
   36.600000000000250        1.3097222749424056     
   36.700000000000252        1.2810597111924553     
   36.800000000000253        1.2511160877313128     
   36.900000000000254        1.2199213481824389     
   37.000000000000256        1.1875066872853826     
   37.100000000000257        1.1539045197010407     
   37.200000000000259        1.1191484475969979     
   37.300000000000260        1.0832732270453582     
   37.400000000000261        1.0463147332666731     
   37.500000000000263        1.0083099247547214     
   37.600000000000264       0.96929680631801485     
   37.700000000000266       0.92931439107499025     
   37.800000000000267       0.88840266144089064     
   37.900000000000269       0.84660252914535017     
   38.000000000000270       0.80395579432066433     
   38.100000000000271       0.76050510370165780     
   38.200000000000273       0.71629390797894965     
   38.300000000000274       0.67136641834826261     
   38.400000000000276       0.62576756229922725     
   38.500000000000277       0.57954293868789264     
   38.600000000000279       0.53273877213787013     
   38.700000000000280       0.48540186681570979     
   38.800000000000281       0.43757955962673373     
   38.900000000000283       0.38931967287813096     
   39.000000000000284       0.34067046645665006     
   39.100000000000286       0.29168058956871246     
   39.200000000000287       0.24239903209120617     
   39.300000000000288       0.19287507558160866     
   39.400000000000290       0.14315824399642954     
   39.500000000000291        9.3298254167253986E-002
   39.600000000000293        4.3344966083911189E-002
   39.700000000000294       -6.6516669655155153E-003
   39.800000000000296       -5.6641648347976706E-002
   39.900000000000297      -0.10657498808208991     
   40.000000000000298      -0.15640175282812102     
   40.100000000000300      -0.20607211582132401     
   40.200000000000301      -0.25553640669870570     
   40.300000000000303      -0.30474516116938866     
   40.400000000000304      -0.35364917047890221     
   40.500000000000306      -0.40219953061793690     
   40.600000000000307      -0.45034769122635365     
   40.700000000000308      -0.49804550414354404     
   40.800000000000310      -0.54524527155659086     
   40.900000000000311      -0.59189979369808110     
   41.000000000000313      -0.63796241604587323     
   41.100000000000314      -0.68338707597761950     
   41.200000000000315      -0.72812834883338817     
   41.300000000000317      -0.77214149334032345     
   41.400000000000318      -0.81538249635391846     
   41.500000000000320      -0.85780811687115954     
   41.600000000000321      -0.89937592927152943     
   41.700000000000323      -0.94004436574262784     
   41.800000000000324      -0.97977275784798357     
   41.900000000000325       -1.0185213771954913     
   42.000000000000327       -1.0562514751658036     
   42.100000000000328       -1.0929253216609500     
   42.200000000000330       -1.1285062428344355     
   42.300000000000331       -1.1629586577650866     
   42.400000000000333       -1.1962481140379726     
   42.500000000000334       -1.2283413221968207     
   42.600000000000335       -1.2592061890334718     
   42.700000000000337       -1.2888118496810894     
   42.800000000000338       -1.3171286984790260     
   42.900000000000340       -1.3441284185784836     
   43.000000000000341       -1.3697840102593628     
   43.100000000000342       -1.3940698179299826     
   43.200000000000344       -1.4169615557826725     
   43.300000000000345       -1.4384363320795797     
   43.400000000000347       -1.4584726720444072     
   43.500000000000348       -1.4770505393371904     
   43.600000000000350       -1.4941513560906363     
   43.700000000000351       -1.5097580214879915     
   43.800000000000352       -1.5238549288638588     
   43.900000000000354       -1.5364279813108621     
   44.000000000000355       -1.5474646057765546     
   44.100000000000357       -1.5569537656364707     
   44.200000000000358       -1.5648859717307502     
   44.300000000000360       -1.5712532918532989     
   44.400000000000361       -1.5760493586839943     
   44.500000000000362       -1.5792693761560057     
   44.600000000000364       -1.5809101242518613     
   44.700000000000365       -1.5809699622234650     
   44.800000000000367       -1.5794488302328451     
   44.900000000000368       -1.5763482494119925     
   45.000000000000369       -1.5716713203417279     
   45.100000000000371       -1.5654227199511215     
   45.200000000000372       -1.5576086968405640     
   45.300000000000374       -1.5482370650331658     
   45.400000000000375       -1.5373171961607346     
   45.500000000000377       -1.5248600100921426     
   45.600000000000378       -1.5108779640134584     
   45.700000000000379       -1.4953850399707609     
   45.800000000000381       -1.4783967308880925     
   45.900000000000382       -1.4599300250745362     
   46.000000000000384       -1.4400033892359052     
   46.100000000000385       -1.4186367500080383     
   46.200000000000387       -1.3958514740301635     
   46.300000000000388       -1.3716703465782585     
   46.400000000000389       -1.3461175487797752     
   46.500000000000391       -1.3192186334325120     
   46.600000000000392       -1.2910004994518163     
   46.700000000000394       -1.2614913649716688     
   46.800000000000395       -1.2307207391265498     
   46.900000000000396       -1.1987193925423041     
   47.000000000000398       -1.1655193265655162     
   47.100000000000399       -1.1311537412621626     
   47.200000000000401       -1.0956570022175469     
   47.300000000000402       -1.0590646061707136     
   47.400000000000404       -1.0214131455177098     
   47.500000000000405      -0.98274027171918821     
   47.600000000000406      -0.94308465764894744     
   47.700000000000408      -0.90248595892105765     
   47.800000000000409      -0.86098477423424680     
   47.900000000000411      -0.81862260477320170     
   48.000000000000412      -0.77544181270738344     
   48.100000000000414      -0.73148557882885779     
   48.200000000000415      -0.68679785937150328     
   48.300000000000416      -0.64142334205477725     
   48.400000000000418      -0.59540740139599646     
   48.500000000000419      -0.54879605333581971     
   48.600000000000421      -0.50163590922230705     
   48.700000000000422      -0.45397412919957214     
   48.800000000000423      -0.40585837504763767     
   48.900000000000425      -0.35733676252065555     
   49.000000000000426      -0.30845781323115273     
   49.100000000000428      -0.25927040612841878     
   49.200000000000429      -0.20982372861955645     
   49.300000000000431      -0.16016722738207453     
   49.400000000000432      -0.11035055891721054     
   49.500000000000433       -6.0423539893429350E-002
   49.600000000000435       -1.0436097329754722E-002
   49.700000000000436        3.9561781331249650E-002
   49.800000000000438        8.9520098210922772E-002
   49.900000000000439       0.13938889499238497     
