   0.0000000000000000        5.0000000000000000     
  0.10000000000000001        4.9949999999999992     
  0.20000000000000001        4.9850049999999992     
  0.30000000000000004        4.9700249949999993     
  0.40000000000000002        4.9500749650049993     
  0.50000000000000000        4.9251748600449936     
  0.59999999999999998        4.8953495802249440     
  0.69999999999999996        4.8606289508246689     
  0.79999999999999993        4.8210476924735692     
  0.89999999999999991        4.7766453864299958     
  0.99999999999999989        4.7274664349999922     
   1.0999999999999999        4.6735600171349887     
   1.2000000000000000        4.6149800392528508     
   1.3000000000000000        4.5517850813314595     
   1.4000000000000001        4.4840383383287374     
   1.5000000000000002        4.4118075569876858     
   1.6000000000000003        4.3351649680896465     
   1.7000000000000004        4.2541872142235180     
   1.8000000000000005        4.1689552731431654     
   1.9000000000000006        4.0795543767896705     
   2.0000000000000004        3.9860739260593854     
   2.1000000000000005        3.8886074014030410     
   2.2000000000000006        3.7872522693452937     
   2.3000000000000007        3.6821098850182010     
   2.4000000000000008        3.5732853908060904     
   2.5000000000000009        3.4608876112031735     
   2.6000000000000010        3.3450289439890537     
   2.7000000000000011        3.2258252478309446     
   2.8000000000000012        3.1033957264250045     
   2.9000000000000012        2.9778628092926391     
   3.0000000000000013        2.8493520293509813     
   3.1000000000000014        2.7179918973799726     
   3.2000000000000015        2.5839137735115840     
   3.3000000000000016        2.4472517358696839     
   3.4000000000000017        2.3081424464919138     
   3.5000000000000018        2.1667250146676520     
   3.6000000000000019        2.0231408578287224     
   3.7000000000000020        1.8775335601319640     
   3.8000000000000020        1.7300487288750739     
   3.9000000000000021        1.5808338488893086     
   4.0000000000000018        1.4300381350546540     
   4.1000000000000014        1.2778123830849448     
   4.2000000000000011        1.1243088187321506     
   4.3000000000000007       0.96968094556062423     
   4.4000000000000004       0.81408339144353725     
   4.5000000000000000       0.65767175393500665     
   4.5999999999999996       0.50060244467254111     
   4.6999999999999993       0.34303253296540304     
   4.7999999999999989       0.18511958872529954     
   4.8999999999999986        2.7021524896470750E-002
   4.9999999999999982      -0.13110356045725452     
   5.0999999999999979      -0.28909754225052253     
   5.1999999999999975      -0.44680242650154001     
   5.2999999999999972      -0.60406050832605584     
   5.3999999999999968      -0.76071452964224573     
   5.4999999999999964      -0.91660783642879340     
   5.5999999999999961       -1.0715845353789122     
   5.6999999999999957       -1.2254896497936523     
   5.7999999999999954       -1.3781692745585985     
   5.8999999999999950       -1.5294707300489860     
   5.9999999999999947       -1.6792427148093247     
   6.0999999999999943       -1.8273354568548541     
   6.1999999999999940       -1.9736008634435287     
   6.2999999999999936       -2.1178926691687594     
   6.3999999999999932       -2.2600665822248214     
   6.4999999999999929       -2.3999804286986586     
   6.5999999999999925       -2.5374942947437971     
   6.6999999999999922       -2.6724706664941920     
   6.7999999999999918       -2.8047745675780931     
   6.8999999999999915       -2.9342736940944154     
   6.9999999999999911       -3.0608385469166435     
   7.0999999999999908       -3.1843425611919551     
   7.1999999999999904       -3.3046622329060749     
   7.2999999999999901       -3.4216772423872883     
   7.3999999999999897       -3.5352705746261148     
   7.4999999999999893       -3.6453286362903148     
   7.5999999999999890       -3.7517413693182244     
   7.6999999999999886       -3.8544023609768159     
   7.7999999999999883       -3.9532089502744308     
   7.8999999999999879       -4.0480623306217707     
   7.9999999999999876       -4.1388676486384890     
   8.0999999999999872       -4.2255340990065688     
   8.1999999999999869       -4.3079750152756420     
   8.2999999999999865       -4.3861079565294396     
   8.3999999999999861       -4.4598547898267080     
   8.4999999999999858       -4.5291417683341493     
   8.5999999999999854       -4.5938996050732568     
   8.6999999999999851       -4.6540635422072913     
   8.7999999999999847       -4.7095734157991185     
   8.8999999999999844       -4.7603737159751471     
   8.9999999999999840       -4.8064136424352002     
   9.0999999999999837       -4.8476471552528180     
   9.1999999999999833       -4.8840330209151821     
   9.2999999999999829       -4.9155348535566317     
   9.3999999999999826       -4.9421211513445238     
   9.4999999999999822       -4.9637653279810721     
   9.5999999999999819       -4.9804457392896397     
   9.6999999999999815       -4.9921457048589177     
   9.7999999999999812       -4.9988535247233363     
   9.8999999999999808       -5.0005624910630315     
   9.9999999999999805       -4.9972708949116642     
   10.099999999999980       -4.9889820278653856     
   10.199999999999980       -4.9757041787912408     
   10.299999999999979       -4.9574506255383044     
   10.399999999999979       -4.9342396216598301     
   10.499999999999979       -4.9060943781596960     
   10.599999999999978       -4.8730430402814022     
   10.699999999999978       -4.8351186593628279     
   10.799999999999978       -4.7923591597848896     
   10.899999999999977       -4.7448073010471665     
   10.999999999999977       -4.6925106350083965     
   11.099999999999977       -4.6355214583346180     
   11.199999999999976       -4.5738967602025049     
   11.299999999999976       -4.5076981653101891     
   11.399999999999975       -4.4369918722525634     
   11.499999999999975       -4.3618485873226858     
   11.599999999999975       -4.2823434538054848     
   11.699999999999974       -4.1985559768344780     
   11.799999999999974       -4.1105699438866372     
   11.899999999999974       -4.0184733409949098     
   11.999999999999973       -3.9223582647621873     
   12.099999999999973       -3.8223208302647027     
   12.199999999999973       -3.7184610749369531     
   12.299999999999972       -3.6108828585342669     
   12.399999999999972       -3.4996937592730464     
   12.499999999999972       -3.3850049662525530     
   12.599999999999971       -3.2669311682658067     
   12.699999999999971       -3.1455904391107947     
   12.799999999999971       -3.0211041195166719     
   12.899999999999970       -2.8935966958030321     
   12.999999999999970       -2.7631956753935896     
   13.099999999999969       -2.6300314593087535     
   13.199999999999969       -2.4942372117646086     
   13.299999999999969       -2.3559487270086992     
   13.399999999999968       -2.2153042935257812     
   13.499999999999968       -2.0724445557493372     
   13.599999999999968       -1.9275123734171440     
   13.699999999999967       -1.7806526787115335     
   13.799999999999967       -1.6320123313272115     
   13.899999999999967       -1.4817399716115622     
   13.999999999999966       -1.3299858719243016     
   14.099999999999966       -1.1769017863651166     
   14.199999999999966       -1.0226407990195663     
   14.299999999999965      -0.86735717087499664     
   14.399999999999965      -0.71120618555955195     
   14.499999999999964      -0.55434399405854762     
   14.599999999999964      -0.39692745856348477     
   14.699999999999964      -0.23911399560985844     
   14.799999999999963       -8.1061418660622261E-002
   14.899999999999963        7.7072219707274542E-002
   14.999999999999963       0.23512878585546407     
   15.099999999999962       0.39295022321779816     
   15.199999999999962       0.55037871035691444     
   15.299999999999962       0.70725681878567381     
   15.399999999999961       0.86342767039564761     
   15.499999999999961        1.0187350943352256     
   15.599999999999961        1.1730237831804684     
   15.699999999999960        1.3261394482425308     
   15.799999999999960        1.4779289738563508     
   15.899999999999959        1.6282405704963143     
   15.999999999999959        1.7769239265657815     
   16.099999999999959        1.9238303587086829     
   16.199999999999960        2.0688129604928758     
   16.299999999999962        2.2117267493165755     
   16.399999999999963        2.3524288113909586     
   16.499999999999964        2.4907784446539512     
   16.599999999999966        2.6266372994722893     
   16.699999999999967        2.7598695169911553     
   16.799999999999969        2.8903418649930304     
   16.899999999999970        3.0179238711299123     
   16.999999999999972        3.1424879533956642     
   17.099999999999973        3.2639095477080207     
   17.199999999999974        3.3820672324726693     
   17.299999999999976        3.4968428500048452     
   17.399999999999977        3.6081216246870160     
   17.499999999999979        3.7157922777444998     
   17.599999999999980        3.8197471385242392     
   17.699999999999982        3.9198822521654542     
   17.799999999999983        4.0160974835545034     
   17.899999999999984        4.1082966174599989     
   17.999999999999986        4.1963874547480335     
   18.099999999999987        4.2802819045813205     
   18.199999999999989        4.3598960725100264     
   18.299999999999990        4.4351503443662219     
   18.399999999999991        4.5059694658780520     
   18.499999999999993        4.5722826179240030     
   18.599999999999994        4.6340234873520307     
   18.699999999999996        4.6911303332927066     
   18.799999999999997        4.7435460489000896     
   18.899999999999999        4.7912182184585719     
   19.000000000000000        4.8340991697985958     
   19.100000000000001        4.8721460219688213     
   19.200000000000003        4.9053207281170783     
   19.300000000000004        4.9335901135372175     
   19.400000000000006        4.9569259088438198     
   19.500000000000007        4.9753047782415782     
   19.600000000000009        4.9887083428610950     
   19.700000000000010        4.9971231991377509     
   19.800000000000011        5.0005409322152694     
   19.900000000000013        4.9989581243605725     
   20.000000000000014        4.9923763583815148     
   20.100000000000016        4.9808022160440748     
   20.200000000000017        4.9642472714905912     
   20.300000000000018        4.9427280796656170     
   20.400000000000020        4.9162661597609771     
   20.500000000000021        4.8848879736965767     
   20.600000000000023        4.8486248996584793     
   20.700000000000024        4.8075132007207237     
   20.800000000000026        4.7615939885822476     
   20.900000000000027        4.7109131824551884     
   21.000000000000028        4.6555214631456749     
   21.100000000000030        4.5954742223730154     
   21.200000000000031        4.5308315073779823     
   21.300000000000033        4.4616579608755718     
   21.400000000000034        4.3880227564122851     
   21.500000000000036        4.3099995291925870     
   21.600000000000037        4.2276663024436960     
   21.700000000000038        4.1411054093923614     
   21.800000000000040        4.0504034109316347     
   21.900000000000041        3.9556510090599759     
   22.000000000000043        3.8569429561792572     
   22.100000000000044        3.7543779603423593     
   22.200000000000045        3.6480585865451194     
   22.300000000000047        3.5380911541613340     
   22.400000000000048        3.4245856306233873     
   22.500000000000050        3.3076555214548176     
   22.600000000000051        3.1874177567647930     
   22.700000000000053        3.0639925743180032     
   22.800000000000054        2.9375033992968955     
   22.900000000000055        2.8080767208764912     
   23.000000000000057        2.6758419657352102     
   23.100000000000058        2.5409313686281938     
   23.200000000000060        2.4034798401525492     
   23.300000000000061        2.2636248318367520     
   23.400000000000063        2.1215061986891182     
   23.500000000000064        1.9772660593427953     
   23.600000000000065        1.8310486539371298     
   23.700000000000067        1.6830001998775270     
   23.800000000000068        1.5332687456180467     
   23.900000000000070        1.3820040226129484     
   24.000000000000071        1.2293572955852370     
   24.100000000000072        1.0754812112619405     
   24.200000000000074       0.92052964572738205     
   24.300000000000075       0.76465755054709617     
   24.400000000000077       0.60802079781626317     
   24.500000000000078       0.45077602428761387     
   24.600000000000080       0.29308047473467697     
   24.700000000000081       0.13509184470700542     
   24.800000000000082       -2.3031877165373138E-002
   24.900000000000084      -0.18113256716058632     
   25.000000000000085      -0.33905212458863893     
   25.100000000000087      -0.49663262989210288     
   25.200000000000088      -0.65371650256567482     
   25.300000000000090      -0.81014665873668101     
   25.400000000000091      -0.96576666824895052     
   25.500000000000092       -1.1204209110929713     
   25.600000000000094       -1.2739547330258989     
   25.700000000000095       -1.4262146002258007     
   25.800000000000097       -1.5770482528254766     
   25.900000000000098       -1.7263048571723270     
   26.000000000000099       -1.8738351566620051     
   26.100000000000101       -2.0194916209950211     
   26.200000000000102       -2.1631285937070421     
   26.300000000000104       -2.3046024378253565     
   26.400000000000105       -2.4437716795058448     
   26.500000000000107       -2.5804971495068276     
   26.600000000000108       -2.7146421223583039     
   26.700000000000109       -2.8460724530874217     
   26.800000000000111       -2.9746567113634521     
   26.900000000000112       -3.1002663129281189     
   27.000000000000114       -3.2227756481798577     
   27.100000000000115       -3.3420622077834166     
   27.200000000000117       -3.4580067051791916     
   27.300000000000118       -3.5704931958697879     
   27.400000000000119       -3.6794091933645143     
   27.500000000000121       -3.7846457816658763     
   27.600000000000122       -3.8860977241855723     
   27.700000000000124       -3.9836635689810826     
   27.800000000000125       -4.0772457502076120     
   27.900000000000126       -4.1667506856839331     
   28.000000000000128       -4.2520888704745712     
   28.100000000000129       -4.3331749663947345     
   28.200000000000131       -4.4099278873485037     
   28.300000000000132       -4.4822708804149238     
   28.400000000000134       -4.5501316026009295     
   28.500000000000135       -4.6134421931843335     
   28.600000000000136       -4.6721393415745531     
   28.700000000000138       -4.7261643506231987     
   28.800000000000139       -4.7754631953212208     
   28.900000000000141       -4.8199865768239221     
   29.000000000000142       -4.8596899717497992     
   29.100000000000144       -4.8945336767039258     
   29.200000000000145       -4.9244828479813485     
   29.300000000000146       -4.9495075364107901     
   29.400000000000148       -4.9695827173038207     
   29.500000000000149       -4.9846883154795476     
   29.600000000000151       -4.9948092253397949     
   29.700000000000152       -4.9999353259747030     
   29.800000000000153       -5.0000614912836365     
   29.900000000000155       -4.9951875951012861     
   30.000000000000156       -4.9853185113238343     
   30.100000000000158       -4.9704641090350590     
   30.200000000000159       -4.9506392426372479     
   30.300000000000161       -4.9258637369968001     
   30.400000000000162       -4.8961623676193557     
   30.500000000000163       -4.8615648358742920     
   30.600000000000165       -4.8221057392933542     
   30.700000000000166       -4.7778245369731227     
   30.800000000000168       -4.7287655101159185     
   30.900000000000169       -4.6749777177485976     
   31.000000000000171       -4.6165149476635285     
   31.100000000000172       -4.5534356626307959     
   31.200000000000173       -4.4858029419354324     
   31.300000000000175       -4.4136844182981330     
   31.400000000000176       -4.3371522102425359     
   31.500000000000178       -4.2562828499766967     
   31.600000000000179       -4.1711572068608804     
   31.700000000000180       -4.0818604065382038     
   31.800000000000182       -3.9884817458089881     
   31.900000000000183       -3.8911146033339636     
   32.000000000000185       -3.7898563462556050     
   32.100000000000186       -3.6848082328309908     
   32.200000000000188       -3.5760753111735459     
   32.300000000000189       -3.4637663142049271     
   32.400000000000190       -3.3479935509221037     
   32.500000000000192       -3.2288727940883581     
   32.600000000000193       -3.1065231644605240     
   32.700000000000195       -2.9810670116682294     
   32.800000000000196       -2.8526297918642665     
   32.900000000000198       -2.7213399422684397     
   33.000000000000199       -2.5873287527303441     
   33.100000000000200       -2.4507302344395185     
   33.200000000000202       -2.3116809859142533     
   33.300000000000203       -2.1703200564030736     
   33.400000000000205       -2.0267888068354907     
   33.500000000000206       -1.8812307684610725     
   33.600000000000207       -1.7337914993181931     
   33.700000000000209       -1.5846184386759956     
   33.800000000000210       -1.4338607595951223     
   33.900000000000212       -1.2816692197546538     
   34.000000000000213       -1.1281960106944304     
   34.100000000000215      -0.97359460562351285     
   34.200000000000216      -0.81801960594697176     
   34.300000000000217      -0.66162658666448360     
   34.400000000000219      -0.50457194079533096     
   34.500000000000220      -0.34701272298538305     
   34.600000000000222      -0.18910649245244976     
   34.700000000000223       -3.1011155427064015E-002
   34.800000000000225       0.12711519275374880     
   34.900000000000226       0.28511442574180790     
   35.000000000000227       0.44282854430412510     
   35.100000000000229       0.60009983432213831     
   35.200000000000230       0.75677102450582934     
   35.300000000000232       0.91268544366501458     
   35.400000000000233        1.0676871773805348     
   35.500000000000234        1.2216212239186743     
   35.600000000000236        1.3743336492328952     
   35.700000000000237        1.5256717408978833     
   35.800000000000239        1.6754841608219733     
   35.900000000000240        1.8236210965852413     
   36.000000000000242        1.9699344112519244     
   36.100000000000243        2.1142777915073552     
   36.200000000000244        2.2565068939712787     
   36.300000000000246        2.3964794895412309     
   36.400000000000247        2.5340556056216421     
   36.500000000000249        2.6690976660964316     
   36.600000000000250        2.8014706289051245     
   36.700000000000252        2.9310421210849125     
   36.800000000000253        3.0576825711436157     
   36.900000000000254        3.1812653386311753     
   37.000000000000256        3.3016668407801033     
   37.100000000000257        3.4187666760882514     
   37.200000000000259        3.5324477447203115     
   37.300000000000260        3.6425963656076510     
   37.400000000000261        3.7491023901293832     
   37.500000000000263        3.8518593122609857     
   37.600000000000264        3.9507643750803272     
   37.700000000000266        4.0457186735245889     
   37.800000000000267        4.1366272532953259     
   37.900000000000269        4.2233992058127674     
   38.000000000000270        4.3059477591243960     
   38.100000000000271        4.3841903646768996     
   38.200000000000273        4.4580487798647273     
   38.300000000000274        4.5274491462726898     
   38.400000000000276        4.5923220635343789     
   38.500000000000277        4.6526026587325351     
   38.600000000000279        4.7082306512719585     
   38.700000000000280        4.7591504131601097     
   38.800000000000281        4.8053110246350998     
   38.900000000000283        4.8466663250854563     
   39.000000000000284        4.8831749592107272     
   39.100000000000286        4.9148004183767871     
   39.200000000000287        4.9415110771244706     
   39.300000000000288        4.9632802247950289     
   39.400000000000290        4.9800860922407928     
   39.500000000000291        4.9919118735943151     
   39.600000000000293        4.9987457430742435     
   39.700000000000294        5.0005808668110969     
   39.800000000000296        4.9974154096811398     
   39.900000000000297        4.9892525371415015     
   40.000000000000298        4.9761004120647216     
   40.100000000000300        4.9579721865758772     
   40.200000000000301        4.9348859889004570     
   40.300000000000303        4.9068649052361364     
   40.400000000000304        4.8739369566665793     
   40.500000000000306        4.8361350711403555     
   40.600000000000307        4.7934970505429915     
   40.700000000000308        4.7460655328950851     
   40.800000000000310        4.6938879497142834     
   40.900000000000311        4.6370164785837664     
   41.000000000000313        4.5755079909746659     
   41.100000000000314        4.5094239953745916     
   41.200000000000315        4.4388305757791420     
   41.300000000000317        4.3637983256079131     
   41.400000000000318        4.2844022771110772     
   41.500000000000320        4.2007218263371300     
   41.600000000000321        4.1128406537368454     
   41.700000000000323        4.0208466404828247     
   41.800000000000324        3.9248317805883204     
   41.900000000000325        3.8248920889132281     
   42.000000000000327        3.7211275051492225     
   42.100000000000328        3.6136417938800673     
   42.200000000000330        3.5025424408170323     
   42.300000000000331        3.3879405453131803     
   42.400000000000333        3.2699507092640152     
   42.500000000000334        3.1486909225055859     
   42.600000000000335        3.0242824448246513     
   42.700000000000337        2.8968496846988918     
   42.800000000000338        2.7665200748884331     
   42.900000000000340        2.6334239450030865     
   43.000000000000341        2.4976943911727365     
   43.100000000000342        2.3594671429512135     
   43.200000000000344        2.2188804275867398     
   43.300000000000345        2.0760748317946791     
   43.400000000000347        1.9311931611708237     
   43.500000000000348        1.7843802973857976     
   43.600000000000350        1.6357830533033857     
   43.700000000000351        1.4855500261676704     
   43.800000000000352        1.3338314490057874     
   43.900000000000354        1.1807790403948986     
   44.000000000000355        1.0265458527436149     
   44.100000000000357       0.87128611923958754     
   44.200000000000358       0.71515509961632073     
   44.300000000000360       0.55830892489343753     
   44.400000000000361       0.40090444124566094     
   44.500000000000362       0.24309905315663866     
   44.600000000000364        8.5050566014459747E-002
   44.700000000000365       -7.3082971693733623E-002
   44.800000000000367      -0.23114342643023328     
   44.900000000000368      -0.38897273774030267     
   45.000000000000369      -0.54641307631263170     
   45.100000000000371      -0.70330700180864814     
   45.200000000000372      -0.85949762030285604     
   45.300000000000374       -1.0148287411767609     
   45.400000000000375       -1.1691450333094893     
   45.500000000000377       -1.3222921804089081     
   45.600000000000378       -1.4741170353279180     
   45.700000000000379       -1.6244677732115997     
   45.800000000000381       -1.7731940433220699     
   45.900000000000382       -1.9201471193892181     
   46.000000000000384       -2.0651800483369773     
   46.100000000000385       -2.2081477972363994     
   46.200000000000387       -2.3489073983385853     
   46.300000000000388       -2.4873180920424325     
   46.400000000000389       -2.6232414676542368     
   46.500000000000391       -2.7565416017983870     
   46.600000000000392       -2.8870851943407390     
   46.700000000000394       -3.0147417016887501     
   46.800000000000395       -3.1393834673350725     
   46.900000000000396       -3.2608858495140600     
   47.000000000000398       -3.3791273458435334     
   47.100000000000399       -3.4939897148271633     
   47.200000000000401       -3.6053580940959660     
   47.300000000000402       -3.7131211152706727     
   47.400000000000404       -3.8171710153301084     
   47.500000000000405       -3.9174037443742140     
   47.600000000000406       -4.0137190696739458     
   47.700000000000408       -4.1060206759040039     
   47.800000000000409       -4.1942162614581582     
   47.900000000000411       -4.2782176307508539     
   48.000000000000412       -4.3579407824127987     
   48.100000000000414       -4.4333059932923309     
   48.200000000000415       -4.5042378981785705     
   48.300000000000416       -4.5706655651666317     
   48.400000000000418       -4.6325225665895262     
   48.500000000000419       -4.6897470454458308     
   48.600000000000421       -4.7422817772566903     
   48.700000000000422       -4.7900742272902930     
   48.800000000000423       -4.8330766030966048     
   48.900000000000425       -4.8712459022998198     
   49.000000000000426       -4.9045439556007357     
   49.100000000000428       -4.9329374649460505     
   49.200000000000429       -4.9563980368264193     
   49.300000000000431       -4.9749022106699616     
   49.400000000000432       -4.9884314823028344     
   49.500000000000433       -4.9969723224534039     
   49.600000000000435       -5.0005161902815196     
   49.700000000000436       -4.9990595419193546     
   49.800000000000438       -4.9926038340152701     
   49.900000000000439       -4.9811555222771702     
